3
1000 1
1000
0.1091019875136723
1 0 0 0 1 0 0 0 1
T T T
0.3683819149456612 0.2988918659062509 0.2846259290492293 
0.3670039474741419 0.513624523198949 0.08871332334744778 
0.7833807123693792 0.9209370133492966 0.6547876759877956 
0.1453181629981833 0.5076525054688535 0.2786310676590754 
0.7491355224690542 0.2231182164013339 0.4338645370751995 
0.8975325903987463 0.3600548008772849 0.3388563872094605 
0.5739872523797627 0.7259822695653108 0.9492059802703876 
0.3616031004604595 0.6193917413554439 0.1149757799434202 
0.6396549816249444 0.4222768799168205 0.1071493540214543 
0.04158262191032605 0.2945300683659527 0.4425367160898861 
0.7081104255581624 0.125280573702349 0.02417356966930537 
0.8247989684883626 0.6894870754429998 0.5275797025064698 
0.07347663434595453 0.07733712654163351 0.2829345339995737 
0.9593392336393053 0.2380137325493989 0.8617075945571672 
0.5462164199778912 0.9515723672505563 0.3046503909276126 
0.03818136001885076 0.5054033679521562 0.2475631678116307 
0.2943809629203177 0.3325705726898689 0.357377887710034 
0.4536477875759695 0.908279580935125 0.8094000416668159 
0.9257418882541247 0.4259481200454105 0.5440354261299742 
0.1488181192898061 0.7534449231478888 0.4332416858026175 
0.3377610694120153 0.9977068305028931 0.4242953227222016 
0.7108050996265394 0.3868910181972966 0.03239144354514054 
0.5315207564714235 0.5795065463293643 0.3165906741498907 
0.6791325483092959 0.2924172967676367 0.6168656355347116 
0.6392861109145471 0.6768776770089771 0.3652460759690718 
0.5270509683438478 0.5342862322922133 0.8630720001347126 
0.1667351898744648 0.3462011198767289 0.6940180375631692 
0.6334214747319743 0.5327213818148516 0.8872817149981959 
0.541305343877679 0.2558491846909936 0.742442248629577 
0.7529746811655219 0.1622403117581182 0.1185921163602735 
0.8540762588061271 0.4598720180359147 0.6189784069921545 
0.7620303962080612 0.4617959485306536 0.3421237936687426 
0.8396579094803774 0.4249003719654612 0.2729108267033002 
0.9111969696789313 0.8231047802499908 0.6498636506486758 
0.9292697106005419 0.212582460232721 0.7440897294648179 
0.2018907287172325 0.7719941985020597 0.5654624031305446 
0.4691869360591129 0.4031062821281807 0.3399717133715358 
0.560304235485406 0.5683735705836218 0.9612326710375216 
0.304426021004895 0.486728381500117 0.5996774287700346 
0.0330631933089811 0.8927895934177351 0.9440172682552713 
0.1902275999351498 0.07066775230282314 0.3200054057359581 
0.5753655253088602 0.01170382617771627 0.218407820315424 
0.400620952117813 0.9503991747228785 0.9797525527839083 
0.9550924819101293 0.5377596500551517 0.3104325008106095 
0.1925271012123309 0.4403453534387572 0.1077843220305008 
0.9253026169400896 0.03381798020630031 0.4050864211348446 
0.9744839607180986 0.222786584120179 0.4900118234017395 
0.4684250405617024 0.3977678342213042 0.5878420000201461 
0.7549795497833073 0.5741990322890593 0.1182530610178507 
0.6911703877634708 0.01950500960508898 0.003490029353475177 
0.06455242434911874 0.463291312469249 0.6764292515353313 
0.2891546480664031 0.2838970587602849 0.1511922102801656 
0.6805983054971225 0.009534150468351299 0.2471236377441655 
0.09493674119036816 0.3811977133265095 0.7683380583497136 
0.02413896736985425 0.1511823438836627 0.1764542183031665 
0.003176150562110294 0.3636850105411071 0.3673983063303825 
0.02966136833939786 0.2034074903362146 0.7858099723232835 
0.02734419985538942 0.5332150047707018 0.601399464348793 
0.7770345914008251 0.8500760490788362 0.08988363476750295 
0.3640701726387074 0.1435446833275882 0.3025605728514777 
0.8681552031278381 0.8757824990283273 0.8222628294176246 
0.975259382947944 0.5398409195042041 0.08036179674543814 
0.6280733201071461 0.2704961625147597 0.875879938214387 
0.9315663426193729 0.745439503887266 0.3725945229948543 
0.6102380610118652 0.1805018531319134 0.2089214599234302 
0.5784570197436747 0.5056252115583943 0.141950341846304 
0.04804478882540064 0.9385034273453581 0.1550429219662228 
0.889767031075393 0.4665786397971138 0.3611187211631799 
0.604310052435772 0.3898289654654898 0.008866625188161913 
0.2245985545230046 0.1540598754262891 0.6255900333710414 
0.9615660718094495 0.3559675324343645 0.6203226903024947 
0.3995789729602666 0.3327825651692471 0.3863015359192566 
0.8166565745999467 0.5321215612847364 0.5447164918279028 
0.3074959790016098 0.3749299589324299 0.8216650284869327 
0.001032132603296547 0.421950310637911 0.9483086619283018 
0.7205442359221543 0.19592247484024 0.5872503497299916 
0.6912320328812367 0.5451487132086676 0.6235924355565741 
0.4018164386691919 0.111480590197583 0.8312806866854092 
0.2564046888363366 0.2470728964289368 0.0493654782755889 
0.9221871206908956 0.5312414098167914 0.5723890938329453 
0.2815262158647217 0.6564237856825211 0.1877098666407048 
0.248426135062472 0.4604877082868237 0.8547387150443101 
0.5424528385482642 0.9789431880627378 0.1154161848304838 
0.5864145781691401 0.7103901262628204 0.8368622458852469 
0.1122372484417146 0.3650467819328556 0.3985076286895032 
0.9093676284132477 0.3363315147924339 0.8757018541228125 
0.9187614484404897 0.9904504768683993 0.5969143745869521 
0.8158625399958116 0.9486289071530111 0.7551935203021792 
0.8245863439736518 0.09844461736862004 0.961339606235422 
0.08287906374963963 0.2240306503783947 0.5234750245181956 
0.7780042869468949 0.7878769848506987 0.5202631025767049 
0.2359480154512092 0.9105390386174858 0.4953167549611012 
0.6534284104315681 0.5181488865400137 0.7805049722542027 
0.3725152521297418 0.08453561840740235 0.4804749636526715 
0.9334776292018284 0.1387589992808321 0.4337882567973389 
0.6778489956657047 0.9208178883371598 0.6271057998413007 
0.5451967066744563 0.6238543400492155 0.5213326235613623 
0.05918697769376648 0.9632806736662302 0.8560816650820907 
0.3337875533755431 0.8303318684084604 0.162819226649451 
0.5968505568802734 0.8561287730777285 0.3198144341839629 
0.6902443919222814 0.7822186423995289 0.7839701151425529 
0.5582200978794234 0.7867693645743757 0.4661635726153707 
0.368931544579649 0.03794899957771605 0.27555756714236 
0.4522628487195662 0.2004219022991176 0.8939590424028659 
0.5473788194024256 0.5181266826405971 0.7548782785064472 
0.8854985937435274 0.6037034531119226 0.4954936019474471 
0.2589770919595338 0.7321548434326438 0.8609270110726363 
0.9553602695723348 0.05892433545812075 0.5069169279799467 
0.9469118184221336 0.8557674947264853 0.7494614638328665 
0.6476886588610778 0.5772904179134097 0.09303927422806064 
0.3661765766042486 0.1830815373442045 0.7570759140568846 
0.1143185370908587 0.05158729560531693 0.93476198281128 
0.06784715633336741 0.351184739571588 0.6481970376090505 
0.7831799839634305 0.4983584879953273 0.4427176273469158 
0.6251249439403023 0.01519649233964547 0.6124055564495718 
0.861830868949556 0.6713106198454358 0.4131992916835991 
0.7705124756431483 0.2203268411787905 0.3269137176147963 
0.9725007807995628 0.142743446003069 0.08071746267472089 
0.74807019569651 0.3300962275760396 0.4552611228718663 
0.4353935404892427 0.2549870486250456 0.713009451837691 
0.9800322982118272 0.979410973088322 0.9838632772427085 
0.5045568745144574 0.1808839645531324 0.1818182407255951 
0.4256977019168634 0.8762280364284526 0.708927483746792 
0.4016778243879061 0.07184062621019799 0.3761074355766604 
0.6833468612983084 0.6509468179047865 0.6490449166040191 
0.3591162256005523 0.5111323233799038 0.334368394949392 
0.2695181370788985 0.7076933857368146 0.7551264102393134 
0.8279557084644428 0.5319010421067975 0.2907197788350848 
0.2581155229341064 0.4027893190516281 0.2821622695671201 
0.719188193831785 0.6900611802785042 0.5000109711783109 
0.8961661252559093 0.606344886332656 0.2493833931771531 
0.4320617752435449 0.0802087002378741 0.1210912655333929 
0.02694219392606055 0.6108795466827788 0.2730915945571061 
0.4297342422571903 0.3206042846991751 0.03111768434681411 
0.0835714017944208 0.6754929172076263 0.4728597916110813 
0.4733670252388583 0.2971589256620442 0.3142631896356828 
0.61519809427546 0.05349109105718879 0.07403363694198223 
0.6053548266107587 0.5381415316538843 0.4907130420498715 
0.2338078941153276 0.8218406368362561 0.4318245735813482 
0.1137925243722885 0.150805509248875 0.3527934592284304 
0.8908985548036256 0.3913791733054806 0.6956114941520402 
0.4797784401286298 0.7805603404696183 0.7265343291832165 
0.5183843558710002 0.3768996805466143 0.8775741415890027 
0.8033461215574393 0.7049900460465277 0.8865266119301287 
0.7227504173693891 0.5356922968736089 0.2620716234603404 
0.1117877887023733 0.2540660833173871 0.6249498632555296 
0.5415806829922912 0.5812349687790832 0.06796375514029657 
0.469804504790757 0.1431540517668635 0.3294555927056827 
0.3631971169236349 0.7312301862080518 0.8931849573166604 
0.05017205388605035 0.5104340516852245 0.006692165520264234 
0.0676963595831364 0.7296872492459743 0.6822789715463748 
0.9684349591626576 0.6731603169114821 0.4455305767022071 
0.2811771868088765 0.846707509187164 0.5713634616579665 
0.8565978549357123 0.7236478697108967 0.6273993502647819 
0.9644998975013467 0.7855018847784579 0.2305381195598825 
0.3524642603176583 0.9307025075304965 0.8838556392815486 
0.6259926584600187 0.9161450573805615 0.2328528463445546 
0.4820630373331813 0.187156061635738 0.5340659703885292 
0.6660002963920563 0.7857381029074868 0.4953963905174704 
0.3846783114547301 0.06085144295013191 0.02474113511649683 
0.5061875967893743 0.05429796509496317 0.04534669433235525 
0.4679170461902021 0.6161603768209082 0.1414531436156946 
0.7878554891003995 0.1511353113929205 0.5061311909344521 
0.9004218596213935 0.8849769079210712 0.9260779028793912 
0.7111572733881676 0.5335903129394812 0.5169498931358586 
0.5957231748971087 0.2338779140328207 0.02318060437034707 
0.8078679095349757 0.9835344032463231 0.5688505615770716 
0.5651663238317581 0.6137983886176142 0.4145462203426956 
0.7016469155885223 0.601934351451167 0.8377025065430084 
0.1872541481622576 0.65524362765926 0.9134820831307854 
0.7551930652975708 0.8892061047123198 0.5536592298311712 
0.9689506114566779 0.6202635986073111 0.6316645404096819 
0.90429713614818 0.0179707523606462 0.06071978081580614 
0.001303049815870899 0.01063821134323686 0.3303209464829402 
0.6495128661968894 0.8893721606517275 0.5265499762570487 
0.1425743337329286 0.4599125425441895 0.8283131777437183 
0.9053823191451521 0.4960644651052588 0.2227190186324925 
0.9311043397131811 0.6912026897664922 0.5530706590831945 
0.9223277400189066 0.7829073697360441 0.8407774264366737 
0.1208213261068929 0.7183918561796399 0.333789658416357 
0.3299011681860836 0.5852269656100527 0.01523055162831229 
0.7917646948959133 0.257125228066901 0.5317065570861395 
0.9709875435900217 0.6776262075786699 0.2053977363517919 
0.7338528945080455 0.9151794809124785 0.2599450558293501 
0.4421737655600756 0.1547172972511862 0.4343721747878996 
0.5108588829743986 0.9495441697666064 0.01521257524532268 
0.8900118420499485 0.8185467227421575 0.3030833603309097 
0.5225664760191909 0.6437228562527237 0.6346861977800082 
0.6412711455704423 0.4663914001794725 0.5669846704630351 
0.3538283830985797 0.4623950727247192 0.8828451511363133 
0.1866197570615215 0.546143754304333 0.1340092178495888 
0.8270294961106319 0.5848206141743914 0.7521480375608682 
0.3880744427396186 0.6547786970592354 0.2147755035324119 
0.07072195245586914 0.7789487650909466 0.5050315629422245 
0.3084617843331203 0.6386356351543524 0.8343062185669404 
0.4151855021431529 0.2715536107736535 0.8200077469431233 
0.3540950507837692 0.7257673774021056 0.1392159120090727 
0.503989375867728 0.3272392190499868 0.6685405984989424 
0.3628506852085438 0.2959607372900827 0.533515128264447 
0.6438815645621947 0.6827713476489857 0.1206530965743917 
0.6957725852202393 0.3411666483466619 0.8276540570390294 
0.7509515633205046 0.6800959162015373 0.1472480411575599 
0.06749875628037336 0.1276693306939833 0.8546235388251725 
0.4709588429695981 0.1836121525434759 0.7874673402933527 
0.231464212737522 0.8622320123780844 0.2207546559178345 
0.3853246480203347 0.4971618032790561 0.9824279787784205 
0.07752544053824739 0.2787156642686756 0.09410255614047416 
0.2299431138324502 0.1539369710667743 0.3783292465738217 
0.7078593952583326 0.9509838733078082 0.7275678969058261 
0.6284041638525421 0.6386361252153786 0.9129748542259245 
0.7010848113595676 0.8827981911521214 0.1610463779648477 
0.4289669630326331 0.9786934943346355 0.08123742270250207 
0.7529825565848719 0.1487321745665748 0.7680241970933984 
0.03827438783234312 0.5903236528457257 0.8064722943616458 
0.4209909670513111 0.162419310393506 0.04741689213343846 
0.6351518703844816 0.7217638186104876 0.5814768846399223 
0.7534149299502177 0.2543680366592695 0.7953027853031216 
0.8229801966167258 0.2172096938485773 0.7199159501600708 
0.8016896652229475 0.5016182390795126 0.1892491392926933 
0.8268914199662714 0.7540336643928738 0.1037904916674375 
0.8024365791342942 0.9134004814992598 0.004206096705483092 
0.2133157861176057 0.5804219770422275 0.2340870333678386 
0.2924409630198933 0.5481514923435478 0.1604872283094312 
0.6704514237957342 0.8517438984333188 0.06104402723863449 
0.9730124551284212 0.1915654449645181 0.2639672377811858 
0.286404499551178 0.3900027847103676 0.9288518924345326 
0.2039560802555073 0.4960356428079391 0.5581755062549362 
0.7988027684166109 0.01990278911728894 0.03296281244998472 
0.4729613612857397 0.02465291306268732 0.9457453296464827 
0.6787588283791367 0.1567957841226676 0.484378887423257 
0.2483782740820702 0.7947345918611505 0.6615094037235836 
0.8946149091033649 0.6552703095026884 0.7034418155926804 
0.1095658978914381 0.009024235274822347 0.3599680178427552 
0.1874267721977037 0.6817607896756773 0.5058640006254812 
0.7455429501204125 0.6731266978297549 0.3921208229311603 
0.5733049373184131 0.2954569307369533 0.5905118680818975 
0.9962225419369041 0.4701016055306613 0.3904287062933533 
0.8026861771967017 0.3381211414014668 0.8520623411583869 
0.04304340410544883 0.74949656539538 0.4036919873770221 
0.09890311409947902 0.8430707951016854 0.1695096815935874 
0.7744725226138234 0.7548799970248498 0.711677779441838 
0.03984900047583927 0.04345964269591351 0.1836832013894525 
0.4892469754692604 0.1300636997442559 0.9686928458836185 
0.3891594450113636 0.7693199409989742 0.9920706074236528 
0.1358963157268771 0.6142608439863658 0.3049327585999344 
0.8526562406441484 0.8175707461403138 0.01827347381809317 
0.3319296803012136 0.1076298725991131 0.2002005391913688 
0.08945026655621197 0.6658467507036773 0.8663098645694053 
0.1967248884482393 0.01227696664783257 0.4990829196658344 
0.4216700604889164 0.8261602487719711 0.9013654532772621 
0.841534668544493 0.633577742019679 0.9596372226264835 
0.2525384451285947 0.930609891406884 0.840059902490309 
0.8624953500272896 0.6179042771102985 0.6011933231715166 
0.2667467583030882 0.08418125939077772 0.4537140999973862 
0.4235752938544303 0.8922668049422077 0.4566500580939019 
0.417557807846579 0.9832291176016317 0.7388073791770503 
0.5828397031580553 0.02222846933580551 0.9746413500405031 
0.2466868854890607 0.05608887354933793 0.986762574735555 
0.6390997990012278 0.822217309320836 0.9608018213683759 
0.9239383249012355 0.8507905891951359 0.4054154897197867 
0.916015178288711 0.6058201619489024 0.8849015945992619 
0.5316296655146973 0.8774250795278841 0.7396141538456502 
0.6083228040358811 0.432148884293041 0.4650227034481175 
0.180895424865007 0.3882787144033759 0.9011371595093187 
0.6760739189991176 0.1151021565514741 0.2742929163467842 
0.6969104847057861 0.9141891163379924 0.9755820091452542 
0.2489144135564877 0.6887678208731464 0.6355478997584582 
0.2321472396518434 0.9976857522909928 0.3969281488836301 
0.1927564049863847 0.9721603656535862 0.03092989883213668 
0.7070274511346465 0.8534160686612116 0.3457874706146059 
0.7171349873475839 0.22000727833639 0.6936060874561174 
0.8335718344615562 0.8458787318203607 0.7230683581962023 
0.9942842804302663 0.4972067058812369 0.4979117001364828 
0.7694306982778446 0.6715000635016503 0.7871653245465793 
0.4978486166571875 0.5419046683001575 0.4670587499648209 
0.6391296934508454 0.8775698046163823 0.7698744718955819 
0.6135408765723764 0.5907209475169628 0.7073819778254906 
0.5614545758404914 0.909352034333005 0.8395860897115344 
0.3512333204719448 0.01279767080032713 0.1498272655772025 
0.2782428245388349 0.6013432549599647 0.7323937642881023 
0.9772703804080518 0.1163562560363428 0.7256588550595381 
0.06687387128303654 0.05176732126721643 0.6156963680655982 
0.1824487060578739 0.4369069196658173 0.3529702199339156 
0.828827026210566 0.6480729517192284 0.07787091447020335 
0.9723266137856958 0.2518184320687198 0.07829656176953155 
0.5633457435783611 0.8553765865245705 0.03197083923011256 
0.2463756544825946 0.8732100730993011 0.3363967155002715 
0.04539368681541788 0.4792409534001508 0.7826450479598822 
0.2679749358701197 0.6477694637803653 0.438566599284597 
0.9783272299821106 0.4058930050286864 0.8276496313352182 
0.1235321465557929 0.9000445343249619 0.07978428118325004 
0.413319828257345 0.01105672651196152 0.55003847919369 
0.0772553492582455 0.9287783066678172 0.6579114137441996 
0.5728177600148613 0.9206054106808704 0.5975822820994933 
0.1450327940144445 0.3510913002089395 0.047980324873118 
0.2013348475343608 0.8347208434583471 0.119568685430088 
0.1632935224248793 0.4521535335662756 0.7214779930777755 
0.7183938202723447 0.7546793299056413 0.0745806382348833 
0.01623254099985176 0.9789030536875565 0.5492773424893106 
0.8670837622295183 0.9427066582085488 0.3905078189891468 
0.4674920149036934 0.8178490912132992 0.5232576342027072 
0.3842975167792495 0.1275702067821125 0.938417875042359 
0.1559747606889053 0.5112012533397194 0.03330874522032014 
0.49211236301401 0.4974334244948364 0.008583806948675264 
0.9019751963535267 0.7211925249240436 0.0317687604912252 
0.1204484827606901 0.1068938875323966 0.1464936367631898 
0.9329419198040041 0.3704212045070516 0.2055299730516934 
0.8761710233564325 0.676547222377813 0.8093762759039119 
0.4356261867819363 0.5845280203786298 0.0421559225373325 
0.8910823146909153 0.318245316207894 0.1081307154925059 
0.7400145312742932 0.5297582231230955 0.9103551557271976 
0.02497353674713341 0.1340078538448225 0.5445958608270171 
0.8206565679749784 0.4246961613206728 0.5147309598402543 
0.7358141234009435 0.2679366051239836 0.9021173406819136 
0.4635489759966923 0.3551236729513046 0.1307294277253353 
0.3892848083552368 0.7607146640038595 0.2408398434417328 
0.5153053486964024 0.4866149587305036 0.6548022742775874 
0.1069228712376886 0.8659446126940863 0.8683380857330808 
0.6585421667558932 0.4124560966980146 0.7539319153536571 
0.5766232940807549 0.9840733968860315 0.4042613780752906 
0.1215916567777496 0.3657084067377188 0.1535269826220342 
0.1660040783852446 0.7896796706652701 0.02669095298384741 
0.2974591568385638 0.1182460069475724 0.5527069545066327 
0.6849202859884672 0.07637550791065299 0.8131383167433697 
0.6959971612773563 0.1461648093818801 0.3769739496206064 
0.2939713081438041 0.1777283045232644 0.1247532781476176 
0.2588353106705126 0.141824711852099 0.2738219366676952 
0.1142311321912954 0.2126065150765594 0.1727506093481348 
0.5753417380350043 0.611737183527739 0.1671254903887353 
0.3667774379855255 0.1903994584357034 0.506227022778473 
0.6102141763383008 0.221320196532479 0.662677250224956 
0.03855485850895462 0.6978176778990947 0.5712256979778583 
0.6849820118246869 0.7242944268767314 0.9752647159651388 
0.6549996782475047 0.4662408674203265 0.3119673144861851 
0.4375924024530808 0.3700056627796566 0.2386473152857961 
0.6967370104783384 0.7078259753530124 0.863511429438374 
0.8447645335301919 0.9766664585975886 0.8565928011614706 
0.03085045160365166 0.4272162694811356 0.5732557169223921 
0.9679808866346666 0.08289534018771733 0.2556765598033605 
0.1374208824510494 0.8804632441757344 0.9733562784031845 
0.08702730882250265 0.4385637802529687 0.0800379080531286 
0.04539216119327731 0.243082788211508 0.9939715078392249 
0.4471921939791829 0.01268295227896256 0.8404081864573666 
0.09526994124931343 0.6051764749079406 0.5554551050166121 
0.5760981860695505 0.1830244835071919 0.8165983694421519 
0.09979043739943945 0.06153600796564978 0.5121380940576278 
0.1205028062868677 0.7170834762441476 0.09423849530223002 
0.7732639484260094 0.563800012679661 0.008532935812641829 
0.9592438026086331 0.4618094824716721 0.6479486959383181 
0.6288599064066061 0.07709378493662276 0.4282336222910778 
0.4804735341063218 0.710733154156197 0.8107927004349695 
0.7522784797949652 0.08309784014951485 0.2030761180811139 
0.9990787739810032 0.1623410896726561 0.9368440623678385 
0.5710078228223721 0.352465343192025 0.1552862484857399 
0.5384992698803153 0.3626738822917011 0.5119390316798715 
0.3749521923886975 0.7084015448652147 0.7831692734077476 
0.7843620609863947 0.3951420668130852 0.6723938328345945 
0.3505652866942551 0.6175364015492204 0.3589738757908411 
0.2243689667688277 0.5842704711928355 0.9875667980277958 
0.9522269807400485 0.5250085950914479 0.9608927221584374 
0.06496492333192376 0.8082795165998808 0.07183158869931577 
0.6011104136126549 0.952015036976652 0.6981616279565548 
0.4503106082379848 0.5709567738533403 0.678580113064631 
0.3301917521073226 0.86366462796789 0.9670007040288086 
0.4362287662777009 0.1510639840163795 0.6798048930951461 
0.7157780407931211 0.3256023910358033 0.721011826993191 
0.8158272073800018 0.7434058382199641 0.3454557584844113 
0.6815558470414654 0.6087117061386959 0.1918773230335975 
0.788307914634011 0.7121759840425317 0.2446062249170345 
0.9649029530749362 0.4309448951060022 0.2904924290036311 
0.2116470678605668 0.4722280227976983 0.4519809225010821 
0.7708289434857493 0.3018414886622656 0.9997270994631084 
0.1768424030269035 0.8769734922798258 0.5814365368091016 
0.4358696469198181 0.4757722863651547 0.2653624258008838 
0.4727976159236666 0.5103818829699247 0.1151789365402023 
0.1134512272231943 0.3154044013661517 0.9466406014477171 
0.1828479932830584 0.2809308907910922 0.1224838236942196 
0.6311981658979764 0.9825536375968904 0.7984879193174104 
0.227603150299814 0.8569867584857016 0.9166177828853886 
0.4542054098570035 0.006137948291866529 0.1980745548474492 
0.9068064080185658 0.7129919278161895 0.9230827295796536 
0.1070409985646881 0.4218161381587576 0.974102963912009 
0.9280832653748655 0.399546661776124 0.4382019475636401 
0.1608150635995646 0.08316142634418458 0.4243224920465207 
0.1406217486768916 0.6932488353426481 0.6097442619336119 
0.03968457983158671 0.3489568474826384 0.01968824886886829 
0.4295841041932932 0.9663819414327642 0.3743901597637881 
0.1918830508489286 0.1186596966212137 0.5251977096146395 
0.4965619587732971 0.6996767812030908 0.4434391477490284 
0.318830583348122 0.8268180814704278 0.8649394501896303 
0.5852226118225362 0.7831598993816526 0.7544272070126 
0.1068420374833046 0.5791874992339571 0.2057916819284629 
0.1417347842733112 0.4015874431398294 0.4969856421649799 
0.9345779325818625 0.1907185876874224 0.6373328208321216 
0.8423632170168684 0.2660965832530215 0.9255085497090161 
0.5502523003458155 0.257554913271997 0.4851974478083202 
0.2022731197947239 0.3757628148118322 0.7928431629815678 
0.5825265895736302 0.4027637089231117 0.3631683443478655 
0.527727762507149 0.1640532531148461 0.07221512590435118 
0.1478712126854962 0.9346228220671545 0.7940653580573152 
0.6201504833160498 0.9479946184754768 0.045355456041845 
0.9295884962249353 0.09795574725103352 0.9909631225149841 
0.2937844211704709 0.33016327244898 0.6107374141709698 
0.02068928133272827 0.5958450465912587 0.9140061119272651 
0.9913665612624615 0.8460330110372654 0.1429736890756234 
0.5973780792729764 0.9847841951856127 0.5113686949955754 
0.5211796393879746 0.2717388766456347 0.8484880756937532 
0.009599222830406453 0.234015271201142 0.3575763418618644 
0.6634491967161879 0.3046019040560618 0.9750708664396274 
0.866208314749944 0.6804465884299022 0.1751222928476722 
0.5418644458291819 0.4739180330126322 0.2911482366589681 
0.1443158401242439 0.08470079031130764 0.03429540422401055 
0.153262816770524 0.187705568428011 0.7009718851168208 
0.1096706992264467 0.8238041557968392 0.3596189884509973 
0.5013001713538913 0.4362804938096074 0.439950370932189 
0.5805237604104883 0.2957890841007347 0.3418221033742361 
0.453196114231223 0.5686400665319222 0.935656559691214 
0.4002844987974006 0.9167548570988296 0.1663500841747373 
0.1176217280121481 0.006025116208239172 0.1050117839565641 
0.2779220829311695 0.9123973643106496 0.1175693947968479 
0.6817041361986955 0.981367017751684 0.4334835583371844 
0.5367476167579425 0.7930225850665102 0.1198874454490247 
0.6202706756732017 0.3269922981344467 0.4385163940768571 
0.09592362243342575 0.6845967470744716 0.2317324291003166 
0.644289202689394 0.7886169943396348 0.1471063872565989 
0.4013080889244675 0.9337706386582274 0.2741892936223806 
0.2610067000647918 0.1843142454972335 0.7280755487602599 
0.3654401297128244 0.6964597469780841 0.4328189045944275 
0.03944637495919418 0.1838340215021574 0.6666322461626787 
0.7565385438423254 0.6179160618164371 0.5751856555821612 
0.860345041039302 0.3276583561500515 0.4845360403904653 
0.7555039231286789 0.8685036107173694 0.7980889504598209 
0.2038038125631109 0.6862234152278396 0.2589631610871989 
0.7407584347501199 0.1889782195096486 0.226737849005947 
0.4827882613354038 0.08203385789452734 0.5048762459895128 
0.1056489836991345 0.661479112967551 0.7585055558223451 
0.1360795503017205 0.199560527635244 0.80955055162862 
0.6054053683591893 0.04443353228473627 0.3180552881833716 
0.6120331098587615 0.1104959481682894 0.8897525661943441 
0.7742261138623643 0.9051306827585539 0.8991393381289163 
0.595150880883523 0.6040485951198272 0.8140938588434505 
0.4125495140020651 0.3761021876550363 0.8510865230737659 
0.4470434976206059 0.414704121553618 0.7003258381745797 
0.1943898781997751 0.2247619011506157 0.3033423117499027 
0.3473058545450814 0.5682208906626538 0.9088513332704921 
0.4096086238764598 0.1173070253251857 0.577703356406772 
0.6453378904334401 0.08305582638208113 0.174635638871343 
0.7647721456461295 0.4100444060315827 0.7786830570428545 
0.3240639960593113 0.3193708421826377 0.003556430419772875 
0.7100515281610069 0.7457275202815 0.3188219605512363 
0.3959450492700357 0.8614521371398268 0.355703193218355 
0.5232755569617309 0.982545420842393 0.7682535278519552 
0.4999472062585422 0.8403171528900752 0.6375085560857383 
0.2237967203466566 0.009203000332936188 0.7700579013356575 
0.1347453542234286 0.3042861939198452 0.8401119394017044 
0.7105408519328276 0.04147574833963347 0.3470557243457734 
0.8976362598255562 0.2585902751391315 0.5603134042041078 
0.5780796388188375 0.07781615043491553 0.7836303353546082 
0.6717670336804493 0.4605986753270115 0.9604471298583916 
0.7167231593271248 0.08990853612033786 0.5617613745673182 
0.01856826061032292 0.04687753606181951 0.7989421157258713 
0.8141209038809277 0.4897860066466566 0.08150543292226574 
0.07108537415205349 0.3310656941759296 0.5410150352148371 
0.8531524331836782 0.564705292519173 0.3916764522094509 
0.5741540484702422 0.2465308559692813 0.1293781539072623 
0.2031915897221597 0.6373449435208099 0.8056746987729969 
0.2732940746154146 0.3419182960238074 0.7172513043390059 
0.5946654005450278 0.8846453832881386 0.1322986036163977 
0.3620345379356463 0.4012510329580026 0.563921865957839 
0.8852132209090038 0.8480058613665238 0.1178575613128058 
0.1733552733678206 0.1259192100538569 0.8809783984236814 
0.6496765348503853 0.9778540324488215 0.1460523850696614 
0.7181243073939894 0.8126373540975389 0.8849684120209629 
0.7920511264216126 0.6067492720147379 0.2167774549711489 
0.5202396093088298 0.01498391546471664 0.5823678289868757 
0.1972839579999167 0.8392767827280683 0.8133204110423278 
0.643160028629209 0.3162583454476277 0.08163409045912139 
0.5055351760169078 0.3306469111888336 0.4129901291223899 
0.5040042292432863 0.6556619230499179 0.9946137510197507 
0.3194947177626 0.7075144191577997 0.3056651544277119 
0.3292940006235492 0.8468572050064417 0.2705687738496094 
0.2045150965403236 0.2707846526663218 0.7632154277544473 
0.7311476283390492 0.3746238831731633 0.9259069723586469 
0.07823746406929948 0.7880750341287667 0.2614424878366609 
0.4506761884474788 0.6747488954905008 0.7122001296976719 
0.2358365503321 0.4156257852206521 0.6459715860141017 
0.778321360781326 0.4573942234277135 0.983666745358737 
0.3250172304562437 0.6573882040418102 0.5417165358286544 
0.4240444690521841 0.718910580099448 0.3369036967772114 
0.1556643417039281 0.1890454232201569 0.4501157654625597 
0.02119952043050492 0.8791425144783968 0.2425578193811737 
0.2727176031548808 0.5665951255604957 0.5113091425872264 
0.1509859173071043 0.294899309343281 0.4761217420987406 
0.2620406377838744 0.0796121658141795 0.6960092965144032 
0.3954578423784083 0.4383437808538886 0.4135612077196256 
0.003705010897681547 0.7637268356560821 0.7638244038533115 
0.7200527635871715 0.5889242886365864 0.7309541730224978 
0.6769068059651498 0.7140924593232572 0.2198073454781211 
0.9382846324450572 0.0674178739084532 0.1518409964938856 
0.2007720125173098 0.6060080365755076 0.583237566126121 
0.8584736171269612 0.785671922885531 0.2033134995690508 
0.223885056762882 0.006393393690571668 0.1297345066123959 
0.4749435674939474 0.03454377289603917 0.301513832324963 
0.1181541892732798 0.2577200065164398 0.3740892318568864 
0.3292267126646539 0.7525339390290963 0.5983046364617325 
0.5313772395924158 0.8249672829567243 0.9321884124721499 
0.1722957977305743 0.7630481583066177 0.9210764629873814 
0.3420795359448497 0.4128076005603258 0.670623756804552 
0.3179847873065584 0.4255702071319628 0.02979073024549357 
0.5081833788589124 0.06891064758895764 0.3995856336908422 
0.2959684856567426 0.07214261160422789 0.3491132104184356 
0.4981076221234969 0.391323687937578 0.9839256233963911 
0.8937775170493155 0.7121727416017356 0.2758031449098937 
0.3341893401411872 0.03310730432414323 0.9167574411816418 
0.02736031214082732 0.3087646006119138 0.8140558240668001 
0.8702496918348365 0.8945227024008058 0.5782672504948315 
0.636602094946617 0.7830147324541039 0.3903650966822348 
0.3404808440923039 0.5180430155150324 0.6993673701191024 
0.3565177966607782 0.8169442934866287 0.498280035500849 
0.3022970430502402 0.01118321353309353 0.5265886930643208 
0.4141875689125697 0.6402382327605073 0.8611899281089257 
0.173958451164836 0.4940243986670706 0.9270788707976364 
0.06678835188107247 0.5408865174713771 0.3466884914999216 
0.1737401849988789 0.7300980900292716 0.7079262322304156 
0.03406894461681848 0.05271634601379918 0.4255000955647899 
0.3469830515468741 0.1994485863165644 0.865312656885005 
0.6740779730213396 0.6072872767232604 0.4417310170405047 
0.5311503307910529 0.1212774086716331 0.6058551366095645 
0.6802583581481335 0.2441978335879861 0.1546699738294366 
0.3465013534699376 0.9062741439549511 0.7776909442346944 
0.06712576160330302 0.2319911197608654 0.887633042621876 
0.5879996672197043 0.9173264287896156 0.9451086505366714 
0.3157700271671425 0.5328610443525302 0.8085852308468702 
0.6781081475086788 0.3970885116097697 0.6477045455196326 
0.367412527197993 0.07903034119847469 0.7242877349781688 
0.8887014524691053 0.4975682673065575 0.47042753391695 
0.8340892806313828 0.4785788106483304 0.7283555515695982 
0.8960630706200219 0.9259011194210032 0.6831370851011677 
0.5054746294214475 0.5424251957154943 0.2142177313943156 
0.09911486964078751 0.816066458351227 0.7716196871237941 
0.3396110620326465 0.01018298495414347 0.8102289273691354 
0.6245913521768397 0.3762354959946838 0.9025316349528568 
0.7462896438165001 0.8180110083591847 0.9902351272942148 
0.05109310278624578 0.914829093701282 0.3459672649496345 
0.283080940642605 0.5451148996722022 0.4048457929656625 
0.1569668867969777 0.9350431418514318 0.1780495536624935 
0.5284118836799837 0.6860251642120534 0.3399864565465895 
0.5200908576894192 0.6403207204647807 0.8878003078785367 
0.5858227656127013 0.4480053317951817 0.8296232193370456 
0.3240634752648178 0.6912821317639827 0.04015978657675845 
0.09824132525989901 0.2740127359553418 0.7387469031474944 
0.1996864020841125 0.964164146593301 0.2983084770890221 
0.4800052864219562 0.5546647336576713 0.5748687868038538 
0.4320852425165403 0.3663486279302975 0.487089223779938 
0.3266334952003934 0.2132796057296908 0.2269087402839947 
0.0005258775386175893 0.8192597647074366 0.3313829309798562 
0.6689770465453867 0.1970408054411866 0.9512074051115267 
0.2331149319106973 0.7251590599074116 0.370018264245097 
0.7795535298494681 0.6040749260952641 0.4694407877931477 
0.817511373590634 0.6372449374748109 0.3183896288589775 
0.8291667804372791 0.2899788902169341 0.3870095434408206 
0.8273812790736543 0.1941501820339867 0.6133695608789216 
0.769652014950502 0.01016978995430006 0.9282787832002914 
0.5383758362158375 0.08378331481576315 0.1453355690889784 
0.2187923426298972 0.3174518782160629 0.9749655184561258 
0.1551125383442627 0.07759927752415033 0.6744321438284164 
0.2416840168529034 0.5663140643603815 0.8813547451298127 
0.8219709661353273 0.2484972263017806 0.155691930377841 
0.4949609212001964 0.9508804683036274 0.6677604640635141 
0.5212596067260847 0.7265580493411171 0.5493005877973175 
0.4840719098976459 0.3429714557104718 0.7746491983455358 
0.0174083840942577 0.9050106492985879 0.0549583184867382 
0.9916166185569186 0.8002029131484195 0.5789088096334005 
0.9766879689240888 0.5705939284923004 0.1850301074215565 
0.4531767003051805 0.8572034577830222 0.001099575361067739 
0.675849975403175 0.8200925375952661 0.2466877684605046 
0.7274660309040599 0.4821451305150602 0.7055080646244201 
0.4893051689210249 0.6044822439786214 0.7876412427619491 
0.76223190015494 0.9463519365758982 0.3605738475658994 
0.57645811988913 0.142916606923425 0.3550199266323984 
0.2903039049023584 0.4381747137211269 0.3844774573454197 
0.1574214913991955 0.2955256331439007 0.2289845529593137 
0.7842583178833534 0.114902449267253 0.3024189611805091 
0.6136291653876231 0.6929594232184689 0.4718884150129151 
0.6258197179077072 0.887983155525165 0.4200607792934235 
0.8738513178864409 0.040070102809386 0.7685745911446261 
0.9905812162357307 0.9537314553326978 0.4401306316156455 
0.746252080010958 0.4196308265265641 0.1302426582119004 
0.5007050909061878 0.7612348374120925 0.02193991294375528 
0.4036925209824772 0.4405703596948932 0.162656096925633 
0.07496558025764284 0.622892546305305 0.6611769921501682 
0.9657145062626515 0.3293644392235165 0.5127780096036086 
0.8940829430362316 0.4266065653853683 0.1204627708177439 
0.1922037472497128 0.789547601143886 0.2920206077799639 
0.9809673989951478 0.4339099019005236 0.05488078926402772 
0.08131532404947713 0.5445962845286048 0.1055166678621993 
0.4678683203402445 0.249212395811671 0.1048955677532107 
0.9969342781225835 0.3903537693001938 0.7212750404141205 
0.2419530145222751 0.1977488228858666 0.8358330739789214 
0.4371204838767988 0.1093304776985052 0.2291011701730847 
0.04113072422753474 0.7500280112677884 0.1614543705410554 
0.7490390623903385 0.4591356810012226 0.5894845287049384 
0.850573441668339 0.06657277186955209 0.4775151286505852 
0.2401578369586361 0.3027994278258595 0.8682053851432721 
0.9726003089135897 0.3032852281802217 0.2818399759724847 
0.7034591462562991 0.2314587517569781 0.04882724660646186 
0.8400363681564476 0.01815007000576708 0.6671876835893048 
0.9939973398040669 0.9970176275094991 0.6756524013873803 
0.2263819589941385 0.1066927124434047 0.1725953957757992 
0.6959628410646816 0.2898453506899998 0.365868954995981 
0.7314447546585672 0.8852437528581 0.4472470068252924 
0.4723785862944429 0.07913837693938024 0.7545361278195037 
0.1055418737202607 0.1578305516999241 0.9602642913080607 
0.4299844907264341 0.7840401977648462 0.4246375951023253 
0.898022256369957 0.7589806405030569 0.7371434610950702 
0.3452893060485077 0.303725123370317 0.8973560451272434 
0.9258727297867094 0.3510823153618639 0.01007663751372317 
0.2125347514764795 0.4233555187273145 0.001886809652111636 
0.5118263751470032 0.8970647163153674 0.3926815472620848 
0.2242483309458239 0.2586615505521287 0.6565998864480753 
0.3452005683594405 0.6729739018632079 0.684361547683203 
0.7892832953619106 0.9777457100594052 0.4614990509812414 
0.9716758777536018 0.8029538321002337 0.9359937292900484 
0.7173030879794172 0.6490380282668194 0.0473415235097355 
0.9400778264701178 0.4774510874290512 0.7542089859940083 
0.1189570804035006 0.5824990593904688 0.9594876243387963 
0.08146669817684062 0.221694397802828 0.276419051674844 
0.5047385955739975 0.2230892427884696 0.6348381379490018 
0.4682406771291527 0.7298161743962751 0.9226314301780025 
0.8656515402160077 0.122321250607691 0.6870741557636255 
0.3002798008534802 0.5925502882405397 0.6259029238695206 
0.06006485739640964 0.8790152843710681 0.547178469594609 
0.1356654594479168 0.4240723551917279 0.6035728632858826 
0.6779864693257338 0.3503667131695121 0.1796949855428275 
0.7350562396970942 0.6357070429084714 0.9359189311238149 
0.6620185552684382 0.7524556103179306 0.6828725991179352 
0.04560117268935217 0.399056969908154 0.224354684425326 
0.7473529204817737 0.5674201198974049 0.3651748200872192 
0.5568496578455615 0.3055749605631576 0.9507124949290787 
0.1415206893865238 0.8573970722924941 0.4778903463490203 
0.2322158337815647 0.5218344923562703 0.6735455128562862 
0.2213447147312141 0.2125977474720857 0.1983246283212595 
0.7499527906589261 0.7861390077549829 0.1741676039345319 
0.9796714325483312 0.9015923814806088 0.6173953878535383 
0.2439879446142675 0.6199679247075094 0.3357660854340243 
0.07488769825688447 0.3884254369457409 0.8753382433084973 
0.9054064326127076 0.4426153176895316 0.9000186353624567 
0.9595917335129641 0.8130352159271979 0.04395475392159601 
0.9401862824704502 0.640563505825373 0.3437854037953269 
0.05104551472698195 0.1592734979168847 0.4416436122051423 
0.322065398423239 0.8740728930242545 0.6748842067446631 
0.5528664786237992 0.4128406462502371 0.7268073003063061 
0.8125492766400204 0.8497975927519176 0.3732700952827706 
0.1510892607722473 0.2449447153014721 0.02095113066775264 
0.1905541359682026 0.1131096688839889 0.7713142832712079 
0.6098311969435001 0.6525546517510086 0.02150286996931149 
0.5569351848021871 0.6793219297218774 0.7365179574125201 
0.8365530925280503 0.8785927114596194 0.4757293635294738 
0.7815584724937669 0.8180158402647554 0.2736069930418402 
0.3324357666430898 0.3694534546265013 0.2095780756430126 
0.4823965191250339 0.9207270957856214 0.9139075222041059 
0.08695205248292587 0.9721042746646527 0.004308863284946816 
0.9150025201000332 0.8818782962716852 0.2176990923898017 
0.9381401323914335 0.2485931919677698 0.9747392055368761 
0.8353321478155704 0.9449538984893868 0.1033297927575549 
0.7386394872634565 0.0733675112633447 0.447537692041781 
0.1535837735071068 0.8560405796263869 0.6859549229575287 
0.9008018393219108 0.06351700898464223 0.8915219571316425 
0.999982797527768 0.659619349513438 0.7314049631369629 
0.4983804304995209 0.6503155740913449 0.2404917644165085 
0.5366448354669513 0.3191101735546315 0.05706947327047917 
0.2737898313171778 0.9481146277978939 0.6109269174642215 
0.5360540449003012 0.468537554078148 0.5382096912005535 
0.5593920651099563 0.2000665462050634 0.9230583023012985 
0.9408790673438014 0.9432059184666703 0.131255059977098 
0.6816707438916516 0.1809573496647835 0.8440466091887543 
0.05521697533213035 0.7692367586580158 0.8598421206983861 
0.0761862857808909 0.7905760650453979 0.9647619267498214 
0.3745718428641207 0.4472824661725063 0.7750904982876823 
0.3899326940166418 0.9512322430615457 0.6382275760994713 
0.1343339423645317 0.5669211175474115 0.8526039309897604 
0.2376739348671723 0.8729705266322905 0.02407168991253685 
0.9421650537124152 0.6445988638123444 0.1054892664410526 
0.07459752679154204 0.4345972752842306 0.3233463094523977 
0.6851053709902006 0.5030267077200058 0.1650198153506565 
0.4602612482379759 0.8286331052336013 0.1896006767411831 
0.8925404117031831 0.1698385574442501 0.9145593360272224 
0.3192021470282231 0.5833963326223116 0.2602112672594155 
0.00776972373342794 0.05650433899304665 0.9118182091305147 
0.8462949791630042 0.5274247069172872 0.9348962392022302 
0.1046296765562173 0.7992006932167689 0.6067339195291052 
0.8310890484164365 0.08895666583538277 0.5846672913434059 
0.5700670780671432 0.7175612064799359 0.1931389063603662 
0.1642312901820737 0.6478439705589695 0.4047953968214222 
0.3070286993222909 0.9632356773167718 0.3254494593311354 
0.8667051953382104 0.5136593731366943 0.8263800379316899 
0.569455357138429 0.5070342266682257 0.3924948800175355 
0.7579738850381981 0.1201307774554475 0.6604630711322969 
0.03414447341970002 0.4008748240929159 0.4657468552648058 
0.4890556832941739 0.2349208005728716 0.9988291279992896 
0.9657788598870869 0.7781150218140342 0.4752071455187252 
0.9603980826514751 0.1329954299099004 0.8321563063994569 
0.0774927072393046 0.9715420669895949 0.2565807825692179 
0.1233370499068173 0.9711800980078571 0.5685704453306826 
0.8599061957289335 0.2513730857406345 0.8188375311569019 
0.2623474870467427 0.9562495652418477 0.9456517275343956 
0.8183251375665254 0.1452011548523965 0.4015385048059197 
0.1123422799610735 0.6903051332759309 0.9880369781506971 
0.3305871526075421 0.2557361414140575 0.6827059256620566 
0.4048436752502184 0.2262243151244161 0.3609116109864912 
0.3238960446249344 0.7842420776833671 0.383103765112762 
0.2102113467651544 0.5312900803415654 0.7810508751522801 
0.6625669149547359 0.6762144419849602 0.7646591298186867 
0.5196740076245252 0.9190442984078531 0.2037139286272221 
0.1777400487614669 0.5433368702552336 0.3765018555301843 
0.5480572811625612 0.04616024959760078 0.6831520390716481 
0.3574432714304693 0.9179394204714336 0.5395398409536839 
0.4087637301648336 0.7260505170000704 0.5284781731332118 
0.3376419823604566 0.04589294169011325 0.6237957592792284 
0.4797768995850556 0.4479687615538837 0.8039811320467634 
0.44835478482251 0.7446138581155287 0.6284341356295777 
0.5725777144029226 0.4004336951244027 0.6202203478043776 
0.7506888985815912 0.3536271662314804 0.5617631465014454 
0.8764943358296319 0.5655610713796272 0.1421447961738219 
0.07706949749123007 0.1721760244684843 0.07060062050433505 
0.1358312885894843 0.8803363058718761 0.2700478811986181 
0.3619547612646077 0.2489880462190996 0.07781136728826533 
0.9564623938408237 0.8800402919378499 0.5129918838761061 
0.1501778999540216 0.6177617748360723 0.06021156295678877 
0.771240120764153 0.3550836069434877 0.3213656431667493 
0.4144709917601239 0.6434989516615568 0.60539269596704 
0.6439172993208183 0.214048738181746 0.3071375426159591 
0.9983463221789861 0.3488210514253329 0.1209194463858762 
0.06277908396829263 0.5687153659249631 0.4521054002195133 
0.8590976127137305 0.1452479283450656 0.7935385026920444 
0.1179783166510792 0.148065360412636 0.5998746195666597 
0.8296050545440596 0.05281956946143887 0.1323154592272104 
0.04940972902874402 0.6439225975469857 0.1374472270334244 
0.2937190390886424 0.2248300721850134 0.5795771906931128 
0.4299550675024474 0.690687194862045 0.06667758152577127 
0.2105931838903615 0.1590058179491178 0.9896936076869434 
0.1882658000039143 0.3307253581192112 0.5830111028579843 
0.03379092315654764 0.8537000535720195 0.4346640446038831 
0.3303660385315983 0.2620415157673439 0.4324376648485418 
0.4851053157744555 0.8872547472716567 0.1010031650786319 
0.60754434489855 0.1977170406435572 0.5561924780058367 
0.3950648398176517 0.2851598301211839 0.1796890262808487 
0.1126856265052255 0.5517493314088969 0.7366279462375572 
0.7583847266452335 0.2965922594701682 0.2301694546920975 
0.9364210093198942 0.7512414370811713 0.1308333481473275 
0.2266931670177333 0.04574102261194238 0.5985077803637877 
0.9984199137102946 0.2814733700539827 0.6953502625538457 
0.7266421874755463 0.9457954593444508 0.07568350070950919 
0.6541077483578412 0.9480088101577222 0.3333390974398161 
0.9284667450440309 0.3204070880819878 0.7694715380068875 
0.6138942348559131 0.5379059949430355 0.2399574767347107 
0.2200922983301512 0.3656770232851654 0.4300992801932817 
0.2369242509936516 0.9068153586950413 0.7347353524685165 
0.7421857564985181 0.779164134217608 0.4175773548293334 
0.1887739214612979 0.3307166446480355 0.3287450094679024 
0.4360174177542754 0.260677763662004 0.45962534530739 
0.04657669570205985 0.6442709773391042 0.3750854295711913 
0.9623235136273248 0.7268187526016632 0.6541439623605845 
0.8951729420049053 0.1676261920754275 0.1535494473681213 
0.3262544517435679 0.3676276559859357 0.4597324570372016 
0.1637264065765157 0.7569078327541668 0.1861568541535716 
0.3565565303504395 0.3555968227101027 0.1040819800234542 
0.5654905069899656 0.4623936026157716 0.9358438416576738 
0.6132102934151398 0.8145673319968004 0.8550925264681932 
0.3100231979628096 0.270261722137024 0.7909825082156274 
0.2779963496348803 0.2313514581397354 0.94358324796211 
0.6099712320167128 0.3257079688482901 0.6944007060892113 
0.520319231831451 0.7921440431065532 0.3639976249462147 
0.7144707474931282 0.4279500788517984 0.4898869015770848 
0.4594575612124298 0.4627462853724711 0.9101507744078321 
0.500946498003502 0.2869223869916865 0.2072359870586318 
0.2796090159541472 0.4958235614762974 0.9554899400902794 
0.2956058593872125 0.1095464054686233 0.8005492323529606 
0.3700807093521805 0.7785099562261231 0.6964596258746132 
0.1533996493091748 0.1416399771612557 0.245776778938185 
0.8175275352234684 0.3824849541265009 0.05646435960829801 
0.3292971837323502 0.475762144249913 0.2346892025125608 
0.0022312828011799 0.1254171296054319 0.3501331714041818 
0.2562822076770014 0.4026421261499286 0.5371309269558016 
0.7599594288997317 0.5161176144883413 0.8039625876228318 
0.463779055070257 0.5090548314872578 0.365445295602805 
0.3833573095189892 0.233458248101789 0.9718298983445851 
0.610904613026427 0.7584561031105976 0.04771305997740842 
0.01084850619818037 0.01186424590726248 0.08336398127616647 
0.6341437750461123 0.16038591770264 0.09786740894775024 
0.5700090588865657 0.823498480793842 0.2192259572576264 
0.554644972380463 0.01403329642138082 0.8695645211093623 
0.9109111082560082 0.9099116731547608 0.03177311013918237 
0.08101769741309972 0.3282962852284274 0.2996371419912111 
0.8389852762951038 0.9139588971603591 0.2890815649146405 
0.399960061491497 0.3271885930392863 0.6356598611946991 
0.7317882749433956 0.01601769474827765 0.6406057119177859 
0.8097806349220082 0.8822298998843165 0.1888637852623004 
0.398267705558279 0.657266720043916 0.9677724419319627 
0.6210630926001736 0.4849863579327408 0.6815584127078261 
0.4690196462074662 0.2926666137228974 0.5585738676281271 
0.4243326215822841 0.4265892973674612 0.05644046783730387 
0.8733504779994493 0.9845223149085898 0.9615898153103959 
0.8678329708748965 0.2211132547359328 0.462280345545452 
0.4331086817716912 0.6258816349721792 0.4927463653757599 
0.6554282393828427 0.04550505683490534 0.7127367324780345 
0.6608348234329392 0.01334409896791561 0.8988714822077379 
0.8220168657021865 0.3232102228523493 0.7457268688559233 
0.8042149377019081 0.8191663839656584 0.6214422455771356 
0.2997019886839332 0.2266460988289826 0.3317861663536638 
0.6820122605283776 0.2628238162377233 0.5101611735152691 
0.5428416649451756 0.108806051559344 0.256045567517333 
0.6085592159169403 0.09063044238535162 0.5353436364426492 
0.3963408174813867 0.8384016313641506 0.6033722014639595 
0.2698057137550739 0.4474690664357344 0.7446394383333037 
0.2744475901969201 0.7696376078695106 0.9622134846726825 
0.2630346439615203 0.2969063784552323 0.2563194982568219 
0.1324466869972294 0.5353501584033185 0.6305911069179204 
0.4880742820601655 0.9795478497243508 0.4678368102465965 
0.7215731871288584 0.0513849276220373 0.1033027755535988 
0.2573292743040993 0.2964944923460193 0.5057988755801408 
0.4108232512376506 0.4832594178875781 0.6235696737467129 
0.6675706562433228 0.3605907669270924 0.287816321303155 
0.9722079294328196 0.5175928140901923 0.8538926681329385 
0.383966886562541 0.6023217939522918 0.7593141813894119 
0.9361227816134429 0.2917953944713403 0.4147160883862109 
0.8475273039064084 0.1897766385060012 0.2491658401957681 
0.9577944750495588 0.5670572137581325 0.4224620856064675 
0.9453297483934714 0.9124067340150189 0.3179563484931391 
0.1050101592337212 0.4714237156679133 0.4216368489747889 
0.9700458063877498 0.9749757064975341 0.232064068037423 
0.04480401900600823 0.6164324960243687 0.03196582146556361 
0.1889193369636053 0.1747874744868976 0.09545006071641178 
0.3309613187590683 0.1513024640678973 0.6511351998439006 
0.8909257329314517 0.2856107680619709 0.6688479481481375 
0.222066364457277 0.4740165699627537 0.2077957409089391 
0.8376309655304072 0.3724084160994117 0.949563563219911 
0.2772599768642235 0.7421971969176637 0.4924222852830341 
0.8839362939570465 0.7911525626356569 0.5461653065097155 
0.5553820528272007 0.1511254852677713 0.4617516341836276 
0.5975119562148504 0.1281193173052732 0.9964380696952293 
0.06819795425269101 0.4944256561421032 0.9002870816670739 
0.2558414515012989 0.6202820428547033 0.08726903958556145 
0.6148927435108601 0.4313153055886246 0.2167051305196889 
0.6509676205803164 0.6192395231611355 0.5476852500263913 
0.134742698607489 0.03847070470663559 0.8283944485125933 
0.8795487930399416 0.5624648035573722 0.03312953520784379 
0.5067043012615199 0.1116897973215348 0.8613096094468849 
0.8712806116049789 0.4073738238169645 0.8021789790171612 
0.04556984791128471 0.2923827290288279 0.2014669358780986 
0.7967118743657672 0.5468204063562945 0.6514214161883339 
0.3098935468405158 0.7973106711186843 0.06161685186755343 
0.7158169901034949 0.8459935469255546 0.6989855294291052 
0.5093613736084206 0.4357741797953246 0.1893831230568467 
0.5375568201292569 0.2147694807258649 0.2827212607600875 
0.3633972857889913 0.4047111401195368 0.310715742397616 
0.8518374186332256 0.2416124872452178 0.04111958701521708 
0.9984868947540831 0.8613107838405112 0.8454433881394655 
0.09482598795689753 0.007073313630088084 0.7318330495863713 
0.4595452177349142 0.7219127083181528 0.1669404061486479 
0.9817274734332386 0.6803599023238498 0.8369683066731392 
0.6247732934652681 0.2206978431559879 0.4143408080924167 
0.7024989046955813 0.9838364426193518 0.5405570061432828 
0.7988947133021829 0.4443941758442447 0.8764531310606687 
0.2608159066260382 0.1900914471603325 0.4792307772785401 
0.8265581664593259 0.3665910301263875 0.1816328922757743 
0.1599385281160411 0.9163895534644898 0.3879797570831264 
0.5122491615391299 0.224565589685487 0.3883950217138494 
0.8614243505907851 0.08289415310923161 0.2322469132191193 
0.6673044591812584 0.9081276237125422 0.8707488786980995 
0.5326831967954934 0.4249381448297012 0.08329902912848497 
0.01628249196974424 0.7034074399173752 0.9379960910644491 
0.6094420226464353 0.847100509841669 0.6694080199922006 
0.2613164035010741 0.5131934899739271 0.06163563993814209 
0.29796535129771 0.4420300133984699 0.1357696935637786 
0.7595892372103362 0.9780405240861061 0.1745672273492683 
0.1881139742589556 0.226066605497332 0.5521928269665464 
0.9509270157205512 0.9628636484499675 0.769895154848886 
0.855592610147731 0.3542380658854885 0.5917311592104929 
0.4318626503117781 0.2150179750011696 0.2556671593426016 
0.6080452452083769 0.2866531903894784 0.2340278104616735 
0.8933509142025019 0.007337202729231104 0.3041849800940906 
0.9526064460225842 0.9683389397239308 0.8788467238115879 
0.82334525557996 0.8087830315197577 0.9135505732383931 
0.3731898137901785 0.5572809745134122 0.5528040237225385 
0.08419666130860221 0.1171050654333922 0.7473257291827151 
0.9885002565064971 0.4652773756729907 0.159104497360826 
0.401428078787087 0.8135905608629769 0.7948971049595781 
0.2503260592288238 0.3532699994819502 0.07647287223094992 
0.6474124587883641 0.2557715666656449 0.7695200411943265 
0.4427954178460052 0.04554073612658344 0.6528796833053667 
0.2537568746848924 0.5091419459684301 0.306107302809106 
0.8181566121864517 0.7797932769855377 0.8084986061267602 
0.7878006926615556 0.00930605134912357 0.2752142554624766 
0.5410137848699262 0.1516248519595362 0.710186285677025 
0.7952298268942863 0.7215598055419936 0.004562291551015995 
0.6032050487820407 0.7493925829861267 0.2920928622788462 
0.4245788616491884 0.7967819829237833 0.09154193425876617 
0.2930894775412624 0.07680943295771624 0.08330635522315416 
0.9077871095224999 0.151708336158278 0.5390287224094313 
0.4265692548670567 0.5825755019435955 0.286942613358493 
0.2246381003273015 0.2599336916516363 0.4036234304247564 
0.8457037871671371 0.134712207622799 0.06204690077853243 
0.1677682516386825 0.5703575606344454 0.4817334536149 
0.7879398042822987 0.177787164389144 0.869571443613596 
0.9000686775812033 0.2216783926210367 0.3393042105850593 
0.6773468537345509 0.5012250038565164 0.4163666252111508 
0.5550524078106983 0.7471362635107945 0.6510725656599129 
0.2433736684861522 0.729978059988745 0.1164701920883368 
0.7891024391772429 0.6528939359239406 0.6757883302616573 
0.6411520078603529 0.5706603769071814 0.340393565630112 
0.3107378340313457 0.9828018594594851 0.7086422431557471 
0.008351507214621729 0.7162623213127484 0.05663288565802952 
0.4959020948511642 0.7568972720376752 0.2636745855653012 
0.9019830048666175 0.5489720133632907 0.6799976887051389 
0.1589382232869701 0.9582955638031299 0.899991588360336 
0.2636378304513323 0.03617032718871315 0.2470389106136758 
0.4561051168045107 0.6158164222655874 0.3865715135758782 
0.7492258949237514 0.7262785227096769 0.605589987518533 
0.4213206724440183 0.5342864549503874 0.836158282288042 
0.3075638532207209 0.9403866196495626 0.2187682619892511 
0.5360256620644139 0.6870178969862638 0.09408572908075323 
0.1578951972046611 0.03567891567771965 0.2201782012331784 
0.784768463962878 0.289794706544823 0.6440210958978523 
0.8535761841480004 0.7760907462191784 0.4424606822233177 
0.4662357938211417 0.9173506129438264 0.5679914330731384 
0.2737731163205 0.7616870212754232 0.2227307947070938 
0.5897468077209707 0.3425898208947909 0.8017769334859725 
0.8669748458254496 0.2969582285218081 0.2552603915751758 
0.2929234618419023 0.6619943272122439 0.9397816626281111 
0.6666598338037045 0.5666628842032094 0.9854979538881676 
0.7939395756417218 0.07239340597693529 0.8420141920553087 
0.1167432906513127 0.472527380722417 0.1793690610221725 
0.3997481567176087 0.2224319387891005 0.6051763875259004 
0.947488790363241 0.6334126555631618 0.9856553028346859 
0.9637041772051519 0.08677145713720694 0.6215246076456972 
0.03773654517892389 0.08937244514071253 0.01144210634732123 
0.6417738713444134 0.1206615113428629 0.6348373790179395 
0.2175729376142623 0.6940659412654221 0.01659584195536771 
0.3137356210394407 0.9792190725174504 0.03911244174639548 
0.5080436656235374 0.8151841854670818 0.8260607581598792 
0.3786850516894926 0.3423614459130376 0.7454610415778234 
0.7187167787853238 0.106014122840226 0.9168118752138054 
0.03208148738980737 0.8329624222533434 0.684303100977431 
0.2329612417488545 0.03468883124325185 0.8757448336034797 
0.8648878860183308 0.9776866667409592 0.2031209141346929 
0.5443122689424147 0.8906026795267862 0.4966341925603893 
0.9424303055475322 0.2606962610028408 0.1852976370178338 
0.4832798153012457 0.8636082613358588 0.2903485189389946 
0.7378217891646889 0.9798212324438068 0.8284336758417034 
0.5428721738311594 0.3673251890125805 0.2679061676524384 
0.399338673706032 0.1792717174239261 0.1530124329938647 
0.7362480951785478 0.4294982172225995 0.2384359977043726 
0.6008668482962863 0.4955357216117243 0.03565225063993235 
0.04656306109772526 0.9110978379118582 0.7611036041132193 
0.8954660631841836 0.1129570914390743 0.3314468387547444 
0.7769174075957782 0.1953753403820345 0.9766807640309172 
0.1729958946220692 0.2300173786674997 0.9139797284604136 
0.09674881677175119 0.9641787853143508 0.4629897123826466 
0.7113173047519022 0.6399606912200975 0.292082114612508 
0.3159318692196425 0.1611829230094111 0.01801789530026216 
0.006667178077309384 0.3164982363600715 0.9208978979945507 
0.003037215505322864 0.2601911322199691 0.5884438055141107 
0.8082213027827952 0.599059060983037 0.8608730996602719 
0.4294758147825187 0.4717606015228338 0.5151026216708653 
0.8848471252780707 0.452457249970162 0.006713035106307431 
0.9327960444510032 0.5863142228298982 0.7788772363136567 
0.5839967794542912 0.5575076782850492 0.6077462977069191 
0.00749418818078772 0.5508708864532065 0.7076929619171376 
0.008019763038298182 0.7146057176949093 0.3011284763881931 
0.2268884384464235 0.3681206956262557 0.18198769790008 
0.1597083074739031 0.7368823869230471 0.815909209635969 
0.4508653671490234 0.3053980728988139 0.9248176591725502 
0.8960126733847376 0.9685201186949414 0.4924883418457848 
0.581079710886854 0.8156789817380184 0.5688520130968902 
0.7494408461796738 0.31318253123836 0.1061093053459144 
0.3237643046818196 0.4729958163178751 0.4881434929392829 
0.6873979068874271 0.8161106432834788 0.5979775522212384 
0.6921301207702222 0.446943292318802 0.854135705832044 
0.6883713629934336 0.3962374769096522 0.3888108080246584 
0.3705682083799777 0.8879053914308028 0.06541498574313501 
0.644139553145701 0.3608616459430292 0.5394440297788278 
0.1522654587451738 0.4015436077813054 0.254220401932517 
0.817502786320852 0.03916758164590468 0.3758587701125562 
0.1824143660699066 0.9720798579123855 0.666018887610306 
0.3351830723067808 0.1560503270197788 0.4070229488297232 
0.09938112515458497 0.4985123023536926 0.5271724644237158 
0.763964298773011 0.04356361094705576 0.7411500786053699 
0.8214599224569789 0.3964926390589638 0.4093404496206688 
0.3879039506836407 0.5450312815858708 0.4351009290944947 
0.3980026105583382 0.5465334477843871 0.1880074788257336 
0.3185926562971019 0.890336386655449 0.4270162433051489 
0.2787917915475238 0.1273456636735234 0.9106377524980998 
0.6463578173064444 0.1508647850976678 0.739575115180037 
0.6051234203151529 0.6431700464578701 0.2672667416694708 
0.9902224081135723 0.6028717622331868 0.5260791324499952 
0.7074622753238202 0.4927126981131198 0.05873231036860789 
0.180434558625702 0.6228418778322349 0.6890971591610437 
0.3917708902600346 0.3912292183639365 0.9571302101370219 
0.2895698694028359 0.8148009985466385 0.760523723317843 
