3
1000 2
500 500
0.07780090186435466 0.03890045093217733
1 0 0 0 1 0 0 0 1 
T T T 
0.1626653892314264 0.5855710715375166 0.8246778138680365 0.03890045093217733
0.5046282475284429 0.4191419784220828 0.4063055211166876 0.03890045093217733
0.2490259058915315 0.7641828877278429 0.3523085839519891 0.03890045093217733
0.9741028457799241 0.08573603655406675 0.8329558435486184 0.03890045093217733
0.1322249558835518 0.4514472467153444 0.4967805053845702 0.03890045093217733
0.102283955196559 0.2142902140327563 0.8747528451673717 0.03890045093217733
0.4363299454059765 0.3596049998622664 0.1674014362509839 0.03890045093217733
0.603087746119192 0.9245452472075715 0.04003667095725833 0.03890045093217733
0.5779866170295986 0.8502544835051962 0.6314486100686652 0.03890045093217733
0.3957926635651051 0.9753792061771293 0.4453113937812705 0.03890045093217733
0.8960555188842396 0.06109503604436307 0.01669613014718976 0.03890045093217733
0.4957767383727085 0.9700234116984008 0.05182741548295296 0.03890045093217733
0.6720602551889853 0.6294707165210917 0.4037719836038419 0.03890045093217733
0.01326697598548235 0.9793696631901488 0.9312814273090532 0.03890045093217733
0.3455772231365007 0.5156363087213494 0.6219739185436801 0.03890045093217733
0.5236515147133951 0.07825144775078346 0.5071807889673209 0.03890045093217733
0.154729061426521 0.5297244765553162 0.2051504062265216 0.03890045093217733
0.05581377521402058 0.102690753744537 0.3847263555063983 0.03890045093217733
0.127039824094764 0.3099649762648463 0.516980045029417 0.03890045093217733
0.1031304177976882 0.7987377442444533 0.6882863840793166 0.03890045093217733
0.4405946946148027 0.1285942313846737 0.5050646197736185 0.03890045093217733
0.1158714670332636 0.7179583010735664 0.6667254187654873 0.03890045093217733
0.6450245576294852 0.7755365556812942 0.4986485743131343 0.03890045093217733
0.612797487997767 0.5905321187873499 0.8659326351471228 0.03890045093217733
0.9274625634024608 0.09788891663559932 0.1611676473073283 0.03890045093217733
0.7364408771982017 0.3645379503231213 0.9870599807281168 0.03890045093217733
0.6474727217257752 0.1632499039448878 0.4663063230164337 0.03890045093217733
0.1618662312202698 0.9008889514515039 0.7851424090004098 0.03890045093217733
0.6373090328895225 0.4703123911788624 0.9503544119479044 0.03890045093217733
0.3298950371916977 0.4507682151330994 0.1932021167031965 0.03890045093217733
0.7231858695018866 0.6011098725457406 0.1360987519920859 0.03890045093217733
0.002013561548945081 0.5498234099853163 0.2105191423078388 0.03890045093217733
0.2716432322942448 0.2020069125469836 0.9401332202659326 0.03890045093217733
0.1864924925739002 0.607389257700185 0.3571601473747298 0.03890045093217733
0.8986298104426085 0.4162611451415996 0.9516489459071921 0.03890045093217733
0.04084841369777498 0.8007064030564306 0.2341674152284871 0.03890045093217733
0.9255665327918112 0.9140764142462499 0.7671129874200567 0.03890045093217733
0.7477714251643137 0.8277440476110901 0.9989366434032357 0.03890045093217733
0.2716219747416455 0.03433514945227504 0.804293672972073 0.03890045093217733
0.5870185963279699 0.04915638187770975 0.2264646335111622 0.03890045093217733
0.295892617723082 0.07815852878888711 0.6569856205141197 0.03890045093217733
0.7154046781153861 0.07666806838607698 0.3569417537991417 0.03890045093217733
0.6407972019893025 0.7278847061435991 0.7854903687625201 0.03890045093217733
0.8885140352317139 0.7532443709787093 0.2600802734200017 0.03890045093217733
0.2912042528207271 0.1019358639750909 0.2483308802267778 0.03890045093217733
0.8319275256838009 0.3200841359962829 0.130116020260755 0.03890045093217733
0.8877481471390287 0.6316630682607944 0.9127107952896591 0.03890045093217733
0.3066104594331799 0.4355490769956091 0.3786088171787536 0.03890045093217733
0.6745420768309645 0.2231729784002179 0.2969518510700156 0.03890045093217733
0.9039518249491304 0.5729923495017356 0.2085521087030842 0.03890045093217733
0.6373425916351046 0.6410473191685747 0.007878729293064235 0.03890045093217733
0.4320058293636803 0.9183603279791503 0.3664446031514733 0.03890045093217733
0.223075491749363 0.7317513530415742 0.5217706638160845 0.03890045093217733
0.9914180608464221 0.175491949257198 0.6880309996800847 0.03890045093217733
0.528488636710018 0.4373785672253446 0.05376943840433994 0.03890045093217733
0.5776961965675224 0.276799900994769 0.7461472805251661 0.03890045093217733
0.8009443585430787 0.4647790823692514 0.1877629796503769 0.03890045093217733
0.4072788773132529 0.36034977479609 0.6213944937846251 0.03890045093217733
0.04842521028529742 0.3051082001436594 0.6623981301632661 0.03890045093217733
0.2406653786738902 0.3887047926497498 0.959561794031907 0.03890045093217733
0.1946561351375704 0.1406375376123185 0.5541748980119392 0.03890045093217733
0.4460653895526325 0.6128549723726407 0.1594759414073114 0.03890045093217733
0.3795106471728262 0.6280169642197004 0.5995253924772507 0.03890045093217733
0.4837238811277204 0.8133514200355769 0.8650169428309684 0.03890045093217733
0.8324049694409448 0.4689246152225335 0.7241590813461496 0.03890045093217733
0.2380170671006699 0.03469823704329027 0.9369152218559492 0.03890045093217733
0.9800428528541985 0.6437867323285746 0.3668784478461357 0.03890045093217733
0.3789734852891364 0.9637228196679201 0.8128804967007953 0.03890045093217733
0.7798592777264876 0.834505356341209 0.9011730680601128 0.03890045093217733
0.8199826794161763 0.8149307790606811 0.7649544994974077 0.03890045093217733
0.9860355288744622 0.3880456658756505 0.6951171967569612 0.03890045093217733
0.1981903480796916 0.6181562931072817 0.7292613898325331 0.03890045093217733
0.9172411083259309 0.2792817407859741 0.2997027391633004 0.03890045093217733
0.9985482630054699 0.9279929908312344 0.3624938143313058 0.03890045093217733
0.3073042503522797 0.07051237098818385 0.9418810869308823 0.03890045093217733
0.8020863789821563 0.3618277536169043 0.4960100951542205 0.03890045093217733
0.2741327781815531 0.1427375592500066 0.4968875589611032 0.03890045093217733
0.1318239042330656 0.4726667946063066 0.6811745858932849 0.03890045093217733
0.2300803957598537 0.2185725090962903 0.1420684422157715 0.03890045093217733
0.08423327880490175 0.2707654969388301 0.7420896885213731 0.03890045093217733
0.4100590907788255 0.1031735715037306 0.8708481690084644 0.03890045093217733
0.304952404924797 0.8866558883701557 0.1172382379631461 0.03890045093217733
0.6895452471682839 0.6396800513528624 0.7810313120248968 0.03890045093217733
0.8322202574254659 0.9383802766822636 0.5874530483974302 0.03890045093217733
0.1480472693655293 0.8557119972203094 0.312010553995318 0.03890045093217733
0.8614496192857137 0.2383167804284134 0.5515525348010806 0.03890045093217733
0.5653234348838716 0.2778246486158708 0.4730579895131323 0.03890045093217733
0.8024439254194885 0.7424045551279379 0.3376599100164844 0.03890045093217733
0.9823795665848295 0.02783541346512798 0.4563172812526559 0.03890045093217733
0.7478136019888757 0.9090241244025657 0.7155757964412942 0.03890045093217733
0.1133270648370432 0.604988198196442 0.5804190395375306 0.03890045093217733
0.4722877118695169 0.4057171975339253 0.8983850564675233 0.03890045093217733
0.9144626241515846 0.6805830438700196 0.3282969391443415 0.03890045093217733
0.6672202241170945 0.5973473388757198 0.6991025329188798 0.03890045093217733
0.889037587136971 0.04576962101009473 0.2829872228913963 0.03890045093217733
0.8593548324045366 0.1692324030748487 0.8905576725454145 0.03890045093217733
0.7357844710849419 0.1584915226193654 0.4739744693747087 0.03890045093217733
0.05893722970002255 0.8925901878251808 0.8302462198033844 0.03890045093217733
0.03338195509599239 0.08915245684037748 0.6352112323679198 0.03890045093217733
0.7735091340938912 0.5594558704652186 0.6049648713767202 0.03890045093217733
0.5599609106586189 0.135014820449811 0.926848720410554 0.03890045093217733
0.8884076160410403 0.693439743113038 0.6728967567303237 0.03890045093217733
0.9311376042111926 0.9192458645418443 0.1072206317130119 0.03890045093217733
0.5044543855969841 0.6210591234361849 0.7109506007426122 0.03890045093217733
0.892533311993889 0.4058369554441828 0.5127584706059861 0.03890045093217733
0.06249903313724388 0.7170132585679562 0.7639297603378302 0.03890045093217733
0.9150058405568982 0.3738394374101937 0.1346049770779313 0.03890045093217733
0.6306728860562815 0.327644778066549 0.2077791122214891 0.03890045093217733
0.8083522849724595 0.87795714887698 0.5338328037179805 0.03890045093217733
0.3903467792733076 0.931236017660279 0.03757831691305517 0.03890045093217733
0.6832937651589592 0.9459175174151614 0.4828829327952424 0.03890045093217733
0.7926583717790685 0.1312012999255387 0.04479068656911549 0.03890045093217733
0.7316598712088043 0.8182800732985382 0.2196262474895807 0.03890045093217733
0.4793271855086944 0.9633744013171733 0.7224654413270859 0.03890045093217733
0.3172711106781705 0.9270366816459599 0.8647914775356391 0.03890045093217733
0.1968024557251855 0.6472196843888005 0.5369500416888887 0.03890045093217733
0.1339813223821017 0.1878608258411149 0.6410789798109789 0.03890045093217733
0.117090647681547 0.6230522127745241 0.04742352628009857 0.03890045093217733
0.09003896935933592 0.3224042165426558 0.2797987868803352 0.03890045093217733
0.1358936117508726 0.0927548566247573 0.3700084825961584 0.03890045093217733
0.7913961590260979 0.2020471185418882 0.94734030431724 0.03890045093217733
0.4983958362801508 0.1283098599788446 0.8181966050499055 0.03890045093217733
0.9579845137267067 0.4662600182217957 0.5391075623677045 0.03890045093217733
0.8351861568648681 0.8283944964837739 0.2760364058078854 0.03890045093217733
0.9448497397226836 0.5417010201962871 0.07441709523856613 0.03890045093217733
0.4506963024477986 0.5196898985082689 0.8485550051765942 0.03890045093217733
0.1135550158378762 0.6887218042575498 0.2822255144151093 0.03890045093217733
0.279433753857198 0.6364079088108926 0.5097565029629617 0.03890045093217733
0.9117550333012009 0.5587500506384806 0.8402567251873339 0.03890045093217733
0.7485272064493769 0.9676993089389815 0.7694952643994895 0.03890045093217733
0.5271403582877773 0.3443131405785886 0.2430673263660214 0.03890045093217733
0.194124351745653 0.4557780208276681 0.97596874400783 0.03890045093217733
0.3833999811117399 0.5270350226422438 0.1660059134645797 0.03890045093217733
0.3007554641447677 0.7800184330733692 0.6630265658761451 0.03890045093217733
0.8888428091747058 0.601883610687335 0.2998439892594911 0.03890045093217733
0.6011026136601925 0.1567338028583722 0.5748151645210062 0.03890045093217733
0.2059626169733683 0.1288046219755932 0.3046852199012928 0.03890045093217733
0.4154979754023602 0.7170212381457473 0.8515321372346334 0.03890045093217733
0.7361828229073698 0.5858979338593571 0.05684990052117954 0.03890045093217733
0.03335999284085954 0.0979030227557392 0.7255913001375471 0.03890045093217733
0.956627846911869 0.3631603805066763 0.9947171262111797 0.03890045093217733
0.006787585433910949 0.8023271283568421 0.5911495227612401 0.03890045093217733
0.09024617741621993 0.2783474040305774 0.9335859343167107 0.03890045093217733
0.5139695791638814 0.2064522614041492 0.6793171323138186 0.03890045093217733
0.2981487630080736 0.155609201785919 0.8637577899822552 0.03890045093217733
0.7038997909589317 0.8732550804046301 0.6048959510188828 0.03890045093217733
0.2823669740930804 0.2765589827679466 0.9656729727356508 0.03890045093217733
0.4636634915719999 0.5534748562818766 0.9733053612002587 0.03890045093217733
0.4468540472426681 0.701336565991487 0.3292588629768486 0.03890045093217733
0.7692055929936108 0.1248520909183242 0.8157527404964712 0.03890045093217733
0.6591847695081675 0.9647408763934556 0.5629756279091087 0.03890045093217733
0.6969843098253665 0.7297502529283275 0.9087024803283928 0.03890045093217733
0.9543038544184158 0.7626544748533018 0.3089338000457392 0.03890045093217733
0.6649338828092231 0.2595731030251005 0.9066987902928964 0.03890045093217733
0.4529152888713664 0.005026918041936937 0.5403747337237541 0.03890045093217733
0.4547602621002157 0.3308878715334748 0.8575911362854443 0.03890045093217733
0.950752822779471 0.06476104790400755 0.6586926850954536 0.03890045093217733
0.4545804594799688 0.8322063297217034 0.3139947003025699 0.03890045093217733
0.843134610069068 0.2857270433238678 0.4752963102635062 0.03890045093217733
0.7279559945260387 0.1304387731039969 0.1338322245638968 0.03890045093217733
0.4544803178676355 0.954047074694208 0.8363732138991923 0.03890045093217733
0.1911710881710102 0.5009423486957157 0.4148816182578201 0.03890045093217733
0.2418089150266916 0.648259869250582 0.3183273618695919 0.03890045093217733
0.9604817903515689 0.5304476975974306 0.4643326953230709 0.03890045093217733
0.2347331216315484 0.1239188648781983 0.7132235603688997 0.03890045093217733
0.7658672125126958 0.5329469356170518 0.7355842929022617 0.03890045093217733
0.6882204242131466 0.05938239417301493 0.2398743153191057 0.03890045093217733
0.622157367337309 0.3632327462043328 0.8239518923952268 0.03890045093217733
0.3065121539957071 0.2951810555101504 0.7715872591824744 0.03890045093217733
0.8603611158452124 0.8226931851052048 0.466741160812796 0.03890045093217733
0.001279667537375209 0.9780344379643754 0.2844068110781984 0.03890045093217733
0.6185989864340324 0.3397664874416425 0.9308752990847311 0.03890045093217733
0.8489870374823726 0.02103853148312125 0.4524578800113414 0.03890045093217733
0.959277066442047 0.1670814326244491 0.332245171397724 0.03890045093217733
0.2489151033227733 0.02888057570335708 0.2186525304371394 0.03890045093217733
0.1875994119458145 0.05121380265777259 0.8081749661410842 0.03890045093217733
0.575254222902575 0.5395892081172464 0.5965620647926312 0.03890045093217733
0.1611824254502087 0.08056022035455387 0.6982655152446855 0.03890045093217733
0.1018139368968131 0.7373166842803655 0.06280343000679818 0.03890045093217733
0.1135986351581342 0.9392985729582791 0.1714271793797019 0.03890045093217733
0.1218792878867695 0.3907974147082467 0.6125439512549494 0.03890045093217733
0.7306073926164638 0.06462265281804269 0.02121508195569475 0.03890045093217733
0.1861814027921339 0.2602714433905488 0.5302151032427814 0.03890045093217733
0.3940946618958722 0.4541987732125621 0.1084762408782979 0.03890045093217733
0.1828498337972311 0.7667757161168509 0.1455806761572553 0.03890045093217733
0.1191224647444579 0.9453320861492371 0.02950152813797941 0.03890045093217733
0.6440312460784794 0.4985605789096076 0.6450480697608714 0.03890045093217733
0.7682238761122456 0.6020215361167328 0.4591323786111782 0.03890045093217733
0.1762019624388728 0.4363933820358575 0.1756606457250817 0.03890045093217733
0.8183555101367862 0.6313564049087665 0.6286839753112853 0.03890045093217733
0.5079361001038871 0.7770831966856144 0.04287698197084695 0.03890045093217733
0.2179375976161792 0.4207447670473339 0.5281866232021573 0.03890045093217733
0.6530573391241302 0.3053392090041147 0.4647758603665491 0.03890045093217733
0.7568314729034319 0.960772846847731 0.2429808574324589 0.03890045093217733
0.5563976404757923 0.2979201511554888 0.5891300944942265 0.03890045093217733
0.3370279834838675 0.5180558250845942 0.4541903820189331 0.03890045093217733
0.9694726283363396 0.6104629442106035 0.1394777192926548 0.03890045093217733
0.2127968356044247 0.2900866131990965 0.9025877307855763 0.03890045093217733
0.5516275543105494 0.4692591850384918 0.294307586771989 0.03890045093217733
0.4732962674353979 0.8865936610205566 0.556743458022134 0.03890045093217733
0.8931202692228688 0.188725351867722 0.4325945753170806 0.03890045093217733
0.09989844378915642 0.4167836802399113 0.01583313515885142 0.03890045093217733
0.446560464636172 0.4437985079805302 0.7284455919414706 0.03890045093217733
0.4698446604474734 0.3758647341071135 0.3328964404829887 0.03890045093217733
0.9800487652600691 0.2419575815080412 0.1654692934341482 0.03890045093217733
0.02694142497499806 0.9545154030718266 0.7141405631349216 0.03890045093217733
0.3723419698457512 0.8461755069003168 0.3709528271866009 0.03890045093217733
0.4548055300379865 0.1740427500995328 0.08476430090396005 0.03890045093217733
0.5777687462988208 0.5651443396763216 0.1219446844986746 0.03890045093217733
0.750861530746092 0.1064562337429426 0.653612875678959 0.03890045093217733
0.05467700005554008 0.09365989555785897 0.2261523058428069 0.03890045093217733
0.003179492201217086 0.4291442471393857 0.1347652908645554 0.03890045093217733
0.4454982695621354 0.5053054134045133 0.3199626474665085 0.03890045093217733
0.7416572330544616 0.2088782982806068 0.7406033025372506 0.03890045093217733
0.5878476841712503 0.9732630013017732 0.6560548013861023 0.03890045093217733
0.2329166143207949 0.7740718290596617 0.774101577125062 0.03890045093217733
0.7193307152949561 0.3584752392693718 0.1811418058664257 0.03890045093217733
0.04165665721830522 0.4547373898764231 0.343299023348355 0.03890045093217733
0.8828671647944267 0.2188007364617667 0.1159318597394468 0.03890045093217733
0.630367851510468 0.5119780273508077 0.4273576330810819 0.03890045093217733
0.1842741590724034 0.563364680699556 0.6506171996154465 0.03890045093217733
0.8568799567587774 0.8047765163976711 0.3856590621864647 0.03890045093217733
0.6722910032713056 0.8480268160800338 0.1247578771046425 0.03890045093217733
0.249968017120125 0.3451570339191806 0.371026941368474 0.03890045093217733
0.5545230305099962 0.6874944672269157 0.7430691673954483 0.03890045093217733
0.8787036963052496 0.5677259381720312 0.3706915842923873 0.03890045093217733
0.1692611923255495 0.1637167414856576 0.1723627046554247 0.03890045093217733
0.6064894251641331 0.7544426619667673 0.6179666473440523 0.03890045093217733
0.2849889214747159 0.2186300547561515 0.207824642166236 0.03890045093217733
0.05897909056781919 0.665667989712055 0.9738844576631558 0.03890045093217733
0.8937339519915609 0.3820944148412635 0.5920179215957325 0.03890045093217733
0.1172114851590428 0.9719161359057932 0.5270117871993376 0.03890045093217733
0.6085068495045713 0.7340369285024742 0.7019442770012657 0.03890045093217733
0.9241746070763014 0.3755622271987249 0.269160410427448 0.03890045093217733
0.336900084944538 0.2963596581789544 0.4882190621505991 0.03890045093217733
0.6304200630819162 0.6987733677876097 0.2617177588347939 0.03890045093217733
0.3683332628377416 0.2709041875556158 0.2627229323000853 0.03890045093217733
0.6108524347759796 0.4508593063649722 0.1013150226086686 0.03890045093217733
0.6539913105499504 0.02256720114376391 0.3537233765249246 0.03890045093217733
0.729379556539377 0.4623129897485129 0.6595012684817589 0.03890045093217733
0.505164665107292 0.4856043504727153 0.4531037837527526 0.03890045093217733
0.01203543610876491 0.2603128149079189 0.5974555715902813 0.03890045093217733
0.2192360670033559 0.6374445142433037 0.01766026978641544 0.03890045093217733
0.3599904457182662 0.09533801037077376 0.7606864531501749 0.03890045093217733
0.6672072256242054 0.9926888748838624 0.7900644336427237 0.03890045093217733
0.5472585958632536 0.5688676678276735 0.3581751132247077 0.03890045093217733
0.2455192070758191 0.8404945173846273 0.9374127076244031 0.03890045093217733
0.8895453159365058 0.9512410342063825 0.3970777602215766 0.03890045093217733
0.9887427954290519 0.4545551649976653 0.05752777962706098 0.03890045093217733
0.8694346132116966 0.03184257146870969 0.9259288153415645 0.03890045093217733
0.8767351827078291 0.9835333772368188 0.01830818838975119 0.03890045093217733
0.8263304707475083 0.5329547146793483 0.2207769791103792 0.03890045093217733
0.5034455054859268 0.2126628552378851 0.8601010480809951 0.03890045093217733
0.8454063993733456 0.7285263325122365 0.6091157517609213 0.03890045093217733
0.1639047302511986 0.3274882878905139 0.04564233517588848 0.03890045093217733
0.1895531010020015 0.3482850844935654 0.6673850684243571 0.03890045093217733
0.3348510232171784 0.5774574735114076 0.9408536032053542 0.03890045093217733
0.1613396449826004 0.2492220619883256 0.7832451831527303 0.03890045093217733
0.3929469954469604 0.06673322403683521 0.3243283368595751 0.03890045093217733
0.3364891593428515 0.3397744797711041 0.5580152891244893 0.03890045093217733
0.2285367394638113 0.2060391614736906 0.5922385201881268 0.03890045093217733
0.4863086319377421 0.02646763013977081 0.4474092399224548 0.03890045093217733
0.5166678286833166 0.6428509408817841 0.4663869083185972 0.03890045093217733
0.1983437065374758 0.5151601035544241 0.4951616804332339 0.03890045093217733
0.2700366218896237 0.4729282743925055 0.73909757957703 0.03890045093217733
0.9953989391492547 0.8026058744601456 0.1490903730977552 0.03890045093217733
0.4249825642494601 0.9125152107518866 0.2358736240020177 0.03890045093217733
0.6795775585147025 0.4536835458207953 0.7637381198821199 0.03890045093217733
0.3497236620647008 0.8021521137917456 0.2566502414158509 0.03890045093217733
0.5602482691926468 0.1186090466440403 0.4422064421312964 0.03890045093217733
0.3534024428528035 0.6918727066986607 0.06637224677616634 0.03890045093217733
0.4657696212523319 0.2668810136070536 0.1201064518641821 0.03890045093217733
0.5701953600181012 0.756839022909135 0.9639482275724869 0.03890045093217733
0.8120095133405519 0.906664120165767 0.09910414491947704 0.03890045093217733
0.4232117751794054 0.05514094696657835 0.125339511855138 0.03890045093217733
0.2667715988567914 0.06992030140820592 0.0193724186148976 0.03890045093217733
0.8887076898685871 0.2205260880448733 0.223457112693971 0.03890045093217733
0.1822733785249989 0.8133258059725336 0.08060676038517917 0.03890045093217733
0.8748968392323535 0.9634961669666802 0.515586606525901 0.03890045093217733
0.9557611774445244 0.1166319431408434 0.7337398497453682 0.03890045093217733
0.02853770721855684 0.6823926250397244 0.1131746806555459 0.03890045093217733
0.6803402721955938 0.2475024471777703 0.5774388652069018 0.03890045093217733
0.5252010105594515 0.0329679943111856 0.1146207383973631 0.03890045093217733
0.4349922066113255 0.00747957414388654 0.2792572502729614 0.03890045093217733
0.5599108729000195 0.4882728809135191 0.9796227402679016 0.03890045093217733
0.01301420948525197 0.395564040506331 0.8185813580417657 0.03890045093217733
0.1723228850627279 0.6840390358726371 0.4188551670506362 0.03890045093217733
0.4312112901211402 0.6981229042484742 0.7723507569463798 0.03890045093217733
0.4248260613848389 0.1934555488469815 0.3200919544453031 0.03890045093217733
0.916432127984335 0.6975351136898473 0.4150207558276741 0.03890045093217733
0.6140480772933188 0.6829614680906683 0.09406064063790923 0.03890045093217733
0.84129988523099 0.4012941875073016 0.1508791024664215 0.03890045093217733
0.09325615835085882 0.5435340389660642 0.4925633872783909 0.03890045093217733
0.2855185639427609 0.9778826351709751 0.4900667073646393 0.03890045093217733
0.646854696518864 0.2094813375151871 0.1805536046411845 0.03890045093217733
0.8597894404418654 0.05215891762578004 0.3623463856529857 0.03890045093217733
0.6617603992587413 0.1920689648757508 0.6761657924318649 0.03890045093217733
0.5621184954691832 0.05749626576128375 0.02580256796821023 0.03890045093217733
0.01378021025505081 0.2799063949319692 0.001736937297593071 0.03890045093217733
0.740427781206485 0.9434595244290199 0.5886805076328455 0.03890045093217733
0.361537076093041 0.4918264425461702 0.9587705767742866 0.03890045093217733
0.4244609483759537 0.3111838862405448 0.05905055264212145 0.03890045093217733
0.3097280084363642 0.02718482287102246 0.3992040268519069 0.03890045093217733
0.3753800477039345 0.4209830777790085 0.8623070602376219 0.03890045093217733
0.9489378033873345 0.381758609480777 0.7738817732408437 0.03890045093217733
0.07951330556338736 0.5399261089707506 0.1854110276205288 0.03890045093217733
0.2432380092805432 0.3164313711948784 0.8257054857365526 0.03890045093217733
0.9535599730769949 0.3232794006611158 0.6478811796065388 0.03890045093217733
0.4680801221445951 0.29920106990588 0.610546818515584 0.03890045093217733
0.09181271334689702 0.474447418062229 0.9054557417323803 0.03890045093217733
0.6486897729815546 0.8553748188253615 0.4881754356958314 0.03890045093217733
0.5096079274688842 0.9175381261337081 0.3449828062665422 0.03890045093217733
0.6712209678215318 0.8584303154066539 0.02669146271451218 0.03890045093217733
0.01130134699152415 0.08424056022950475 0.04900588824224962 0.03890045093217733
0.6880238474429522 0.2873843119009138 0.131533033217836 0.03890045093217733
0.2494368265749728 0.3451516939918307 0.1612970900012144 0.03890045093217733
0.3781080419405433 0.6166801063158512 0.2297248176342119 0.03890045093217733
0.6728490845401413 0.1004184629173375 0.5194191792653563 0.03890045093217733
0.0104179924241539 0.5675999334604209 0.8376209085142731 0.03890045093217733
0.003050755149280821 0.2636066378349743 0.826337156348832 0.03890045093217733
0.6644223521282306 0.9667700140815799 0.110945568510825 0.03890045093217733
0.145318560981533 0.07041801943172429 0.192534065434849 0.03890045093217733
0.4157223134088046 0.7370596049919094 0.03517715758181325 0.03890045093217733
0.7642477801709145 0.5969283083119385 0.2648267717525792 0.03890045093217733
0.3444558545286773 0.7844039747418253 0.970198557406409 0.03890045093217733
0.06147177619547019 0.3806833392156222 0.508483787963605 0.03890045093217733
0.0334619986318293 0.6136042940619444 0.6005870303890013 0.03890045093217733
0.7964552368869078 0.7554872535205954 0.2571670559392021 0.03890045093217733
0.2249640144214383 0.8155352881653418 0.6777640853849509 0.03890045093217733
0.2618573540653555 0.8121533298392878 0.2476694569075329 0.03890045093217733
0.9139660990050045 0.6713304222136827 0.09090655453096989 0.03890045093217733
0.2320745808363188 0.897394740703765 0.2841603737371814 0.03890045093217733
0.0843493472920987 0.02376744904580346 0.1501011773883974 0.03890045093217733
0.8064601494128921 0.5116657886440951 0.658481055376288 0.03890045093217733
0.971082333342393 0.4619907910833272 0.2497597417367896 0.03890045093217733
0.6372596217135572 0.7003314768366287 0.8649469101150701 0.03890045093217733
0.3756233143252658 0.129735307717203 0.9405183641384651 0.03890045093217733
0.7590283619160383 0.513767441280919 0.03420733042156035 0.03890045093217733
0.7384462877715756 0.7003142993611209 0.6585730083692137 0.03890045093217733
0.486056270816029 0.0355029776232836 0.1966054117435277 0.03890045093217733
0.3036787463223635 0.7377975271777568 0.2939450593919722 0.03890045093217733
0.3767223810599475 0.97999148096248 0.6352378972571003 0.03890045093217733
0.3272734453626865 0.2992500241957308 0.6558383745512302 0.03890045093217733
0.4799897368498198 0.5468902809717778 0.6909057089415446 0.03890045093217733
0.1809440997037183 0.8109213024013943 0.2328391537424904 0.03890045093217733
0.7036539634966575 0.835738162633235 0.8714114809871221 0.03890045093217733
0.2049481280773365 0.378703026104299 0.4436085970651905 0.03890045093217733
0.04893230620348237 0.8694646385212916 0.4197836044665318 0.03890045093217733
0.01647433403758208 0.7549057089042235 0.6849886819664236 0.03890045093217733
0.4482204221877052 0.08661396802878056 0.6589116155923982 0.03890045093217733
0.0969468571315992 0.4195300753482634 0.1363722725724392 0.03890045093217733
0.172005880810795 0.002862882341229266 0.03768719694157511 0.03890045093217733
0.5847906994592 0.1971591489449843 0.1103028813002838 0.03890045093217733
0.3765014610911745 0.6241145312409114 0.5183970781698813 0.03890045093217733
0.04420179492008504 0.3288434673292098 0.1789980843058472 0.03890045093217733
0.6144676352417667 0.901562092954606 0.236790610758124 0.03890045093217733
0.05624706672910226 0.7964438156305281 0.5122310470534254 0.03890045093217733
0.798434103256041 0.4637220311696812 0.5565510302623928 0.03890045093217733
0.6541882709299263 0.7743569139458163 0.3764234091648071 0.03890045093217733
0.279322851326412 0.7819361488468433 0.4806062839585528 0.03890045093217733
0.02712473726783056 0.6598836519347264 0.6812214882845242 0.03890045093217733
0.0006662751178275796 0.1338346767195414 0.1771986937335711 0.03890045093217733
0.09306089408188734 0.05839929997420273 0.5065812596934552 0.03890045093217733
0.1566264080399899 0.1381275205296101 0.8886076658293851 0.03890045093217733
0.0123892111721246 0.7989484251279414 0.9728071935302444 0.03890045093217733
0.3069083970416961 0.1524045357507653 0.08441951959362851 0.03890045093217733
0.8656729338622706 0.8012220660793367 0.9875752200101205 0.03890045093217733
0.3777666981666455 0.8698089343254066 0.4741447101181772 0.03890045093217733
0.6502908732014782 0.374894309800968 0.07679197246615289 0.03890045093217733
0.9296913835857434 0.9541741522792119 0.5977652736122643 0.03890045093217733
0.9275294412776545 0.8107484509245001 0.7224778947461447 0.03890045093217733
0.3951316873501787 0.9915026422545294 0.1607824829197992 0.03890045093217733
0.3312285750070246 0.7349999216570658 0.8495495904261708 0.03890045093217733
0.169815981532423 0.8096222703475273 0.9400611460277021 0.03890045093217733
0.2026339231304459 0.3908277068376307 0.8403549819974974 0.03890045093217733
0.7585921600893001 0.2260153650347328 0.5201039042363869 0.03890045093217733
0.9291451431305479 0.2058087240798401 0.8863432027625732 0.03890045093217733
0.8045388057662266 0.2671084124803718 0.2003959921265943 0.03890045093217733
0.03674713845481381 0.4629792062266958 0.9722453894228377 0.03890045093217733
0.5330986038790687 0.3755187904509826 0.7428531923662056 0.03890045093217733
0.1382086990130457 0.1664650806710004 0.02072693050302301 0.03890045093217733
0.644132413039987 0.5043491801896167 0.8179750420934453 0.03890045093217733
0.9259637853398901 0.968451783836933 0.9036558099794544 0.03890045093217733
0.3420142105914049 0.01534628040986146 0.5645671534855148 0.03890045093217733
0.2543020319948418 0.1281903426255691 0.3718300497563574 0.03890045093217733
0.2582698859774274 0.9632735794830234 0.5974878134877913 0.03890045093217733
0.946480426142104 0.8394500246081464 0.04893692759797648 0.03890045093217733
0.7566253657499216 0.2773061318910361 0.5995865326402636 0.03890045093217733
0.6158744457299754 0.8086868991169316 0.8474109497547553 0.03890045093217733
0.348845453705431 0.7865581530321762 0.7319923315256202 0.03890045093217733
0.2195521872080436 0.5820656985524354 0.08853784060282698 0.03890045093217733
0.5177833686572538 0.2201916917240053 0.5119646802895209 0.03890045093217733
0.6782850237370539 0.1512468144981718 0.5933630201576188 0.03890045093217733
0.369389616850518 0.715698277547288 0.1430613708461085 0.03890045093217733
0.656318087433033 0.1594390712392441 0.05099709251879057 0.03890045093217733
0.4667306042031103 0.1228731225845925 0.2318256921967333 0.03890045093217733
0.3483046177851665 0.4877787273204932 0.7201974655653867 0.03890045093217733
0.9339226299818594 0.879651260322142 0.9765946479055335 0.03890045093217733
0.2789187487280303 0.6993198020103673 0.1861207344968354 0.03890045093217733
0.639882388239689 0.1286535007665443 0.9627287260734816 0.03890045093217733
0.9364851798832965 0.5401894889793757 0.321006237471075 0.03890045093217733
0.01717807576758145 0.7296079119748615 0.9326072908915785 0.03890045093217733
0.2601080096689384 0.6616088657029149 0.4145744017896416 0.03890045093217733
0.7224324862323711 0.3192193337416444 0.4162501283621268 0.03890045093217733
0.5292022626866137 0.6500481498570703 0.8824383797696647 0.03890045093217733
0.05902605213633785 0.9546593564526641 0.4516537304686454 0.03890045093217733
0.592124700913588 0.1345616195927182 0.6849066553446461 0.03890045093217733
0.2236852981323363 0.5841673351408455 0.4550145420690596 0.03890045093217733
0.7419763230940805 0.03416426070762659 0.9495398219847461 0.03890045093217733
0.8548018274898533 0.3062752155640024 0.9168450869619562 0.03890045093217733
0.2247033195555184 0.005431236916616448 0.1421591454409586 0.03890045093217733
0.1082786510022506 0.410442020288416 0.2539407095769438 0.03890045093217733
0.860758951097515 0.5249134952121794 0.9914130565954417 0.03890045093217733
0.1915597582300379 0.7142695487625647 0.9881514794788282 0.03890045093217733
0.8813166253325747 0.5882938976274251 0.731016325023643 0.03890045093217733
0.494563138188621 0.6722107893245212 0.9543345538794775 0.03890045093217733
0.7112464989517278 0.4735883831174421 0.8840671727668558 0.03890045093217733
0.6928573021734975 0.2622842589508845 0.2163243731952315 0.03890045093217733
0.7653395550300277 0.5297993049807412 0.8502052205964262 0.03890045093217733
0.7731266324122597 0.2812492071794715 0.9941365000132812 0.03890045093217733
0.4834912214384268 0.6872573186304239 0.6577893653166019 0.03890045093217733
0.1568317135417802 0.7371304727602347 0.2198829643871194 0.03890045093217733
0.4585086012057894 0.6222944892321792 0.8475811892061241 0.03890045093217733
0.304161873265679 0.8736429883095014 0.6071923764491255 0.03890045093217733
0.00911832751409756 0.8213826156595014 0.8002513898385317 0.03890045093217733
0.3325990271134992 0.6121462957968762 0.3547828290004245 0.03890045093217733
0.9753590908392794 0.6890238390952569 0.8322080799545466 0.03890045093217733
0.08509551282577027 0.1649594627565217 0.9386581680869268 0.03890045093217733
0.8357144171422594 0.4309603189985624 0.6386889233396156 0.03890045093217733
0.896209494023112 0.6561463983483213 0.2099644230644271 0.03890045093217733
0.5240044089567525 0.755932135405597 0.6441084843980809 0.03890045093217733
0.1221933946787646 0.5786055878527009 0.2996613600207753 0.03890045093217733
0.2478969233114674 0.6264811136643068 0.9232797626362184 0.03890045093217733
0.6303059308835745 0.2132836827359106 0.9706032825476556 0.03890045093217733
0.1543401351163633 0.6534693181629909 0.6401916337591143 0.03890045093217733
0.6106276966953244 0.6533346922113266 0.5191186209126212 0.03890045093217733
0.9978391900852304 0.8885282209545949 0.8936232508133226 0.03890045093217733
0.5570549634346852 0.1454917806586558 0.3016739966697152 0.03890045093217733
0.9178391874472454 0.9016521684158653 0.1916102738258862 0.03890045093217733
0.2977375873385915 0.7013596752122473 0.6608225302522723 0.03890045093217733
0.7878739699130841 0.8134565969750713 0.6637003421641914 0.03890045093217733
0.554540127019257 0.5445666158851542 0.4386995424198571 0.03890045093217733
0.179032098479473 0.8919245587585169 0.1656365926217928 0.03890045093217733
0.3662869176771212 0.7344694208350699 0.603044020384737 0.03890045093217733
0.976254432617899 0.8696116499580679 0.5469286994243312 0.03890045093217733
0.0583722154728312 0.7696413352635028 0.3942182864984488 0.03890045093217733
0.5939446797099404 0.2254488123704732 0.6546289287470102 0.03890045093217733
0.4038183795426684 0.5142501289439455 0.4074926955646568 0.03890045093217733
0.6404532231372143 0.3537348065903748 0.6307488064184139 0.03890045093217733
0.5486468206397159 0.7055752274267501 0.1954259814044373 0.03890045093217733
0.5598228723032386 0.04623832165085779 0.8333090297789433 0.03890045093217733
0.1490729300830242 0.9666022546662428 0.8546649148459726 0.03890045093217733
0.5483866292996363 0.9399116819708492 0.2762906384262353 0.03890045093217733
0.3609738082088252 0.08319541796509683 0.03382929999174506 0.03890045093217733
0.6587217043752469 0.0515016064556223 0.1045933952224812 0.03890045093217733
0.06454079044676653 0.7097728183627079 0.3402429454073231 0.03890045093217733
0.8585292974631047 0.6664816970963899 0.7670065932017054 0.03890045093217733
0.006813702521049836 0.6546288493734922 0.9045059666309372 0.03890045093217733
0.4531235090409505 0.4167998465830879 0.2173984967638455 0.03890045093217733
0.6947744469470359 0.92305042678615 0.8866669518692961 0.03890045093217733
0.06677718667418078 0.6556226752213231 0.439871436148321 0.03890045093217733
0.8881705367931282 0.1680044544652066 0.9868409359420999 0.03890045093217733
0.7738201380209208 0.3940166316512839 0.7017542910244151 0.03890045093217733
0.06279973443721858 0.5881843915490682 0.1042440580609155 0.03890045093217733
0.8624685661016604 0.881720794333625 0.8041393049066056 0.03890045093217733
0.2055599770816252 0.9209569475732472 0.05506088916732883 0.03890045093217733
0.647697862540214 0.1296051992288894 0.8606837971896961 0.03890045093217733
0.8575399178080169 0.7743467532624893 0.8380264850440339 0.03890045093217733
0.3177096953274988 0.1941888163212465 0.7199831212422731 0.03890045093217733
0.3213429709426402 0.3768441206947822 0.9710122691105156 0.03890045093217733
0.6940228768645397 0.08525776066044605 0.776861919995381 0.03890045093217733
0.7472514047546146 0.8172595643495489 0.3759349419659096 0.03890045093217733
0.5101216736927932 0.6607451516318454 0.5777269975087043 0.03890045093217733
0.7977380120946702 0.7976969894155089 0.06757628663166758 0.03890045093217733
0.1838443390722962 0.8073033240473263 0.3725600094274823 0.03890045093217733
0.4010064679420531 0.1145095882912084 0.5834412485200783 0.03890045093217733
0.4777872772251245 0.08793804308895638 0.9618297562604953 0.03890045093217733
0.9331762101459888 0.8758837556120956 0.4612551694990265 0.03890045093217733
0.3198577205276651 0.9200630315078777 0.7327061369781183 0.03890045093217733
0.5332559906251878 0.8031802707168225 0.2786533154879423 0.03890045093217733
0.8050568990293463 0.02483657531725027 0.7317328877725044 0.03890045093217733
0.3923938614160251 0.7497773582229031 0.2132811813712231 0.03890045093217733
0.03891518265214312 0.0744351980937802 0.8962700927353506 0.03890045093217733
0.09921548001833956 0.7941788753505183 0.7730616580691085 0.03890045093217733
0.5627761737798739 0.9652506730442126 0.5725430034958731 0.03890045093217733
0.7447223404743271 0.7538467479580901 0.8401027125698638 0.03890045093217733
0.9741666435417453 0.6043639610994783 0.2695950788175959 0.03890045093217733
0.9328295992944097 0.9291347648372079 0.2875519887544031 0.03890045093217733
0.1262131254345221 0.1529473975560586 0.465473138314121 0.03890045093217733
0.924800863158168 0.4760805150562303 0.8430747755508882 0.03890045093217733
0.795109086939786 0.7483770328870748 0.1334750815145901 0.03890045093217733
0.09455062275041205 0.55446887130971 0.7366205494965918 0.03890045093217733
0.0002329941522250426 0.2803168474813431 0.4269763996462601 0.03890045093217733
0.446232718914685 0.6008880440332057 0.3738813035190396 0.03890045093217733
0.04158551365763344 0.5558980629044172 0.02053539469114487 0.03890045093217733
0.5799127724340769 0.9410108060344451 0.7754964858647901 0.03890045093217733
0.1803909154095213 0.01831038113175321 0.5931617342953348 0.03890045093217733
0.01451641111975526 0.2711418182258392 0.3358070484248656 0.03890045093217733
0.1137705585644707 0.8835129250356278 0.549890723146734 0.03890045093217733
0.8924880972280951 0.339774101756149 0.8542482140060458 0.03890045093217733
0.985757096200004 0.3212933920559188 0.1790170118465105 0.01945022546608867
0.7364516395381733 0.2198568274241955 0.2547691103656393 0.01945022546608867
0.6338504059319018 0.09364064474847293 0.1780056511197483 0.01945022546608867
0.250623142792564 0.104931892741665 0.5969559568541855 0.01945022546608867
0.1553748980285175 0.2652606694506106 0.5905057740040502 0.01945022546608867
0.7021147612310218 0.4094190244095587 0.09995001056110013 0.01945022546608867
0.6736048488266327 0.8876404097412209 0.1962155879149148 0.01945022546608867
0.06901610708387959 0.3052067672510177 0.4594154182461189 0.01945022546608867
0.9117557082363966 0.1080968053083061 0.4247202325180902 0.01945022546608867
0.485105692734157 0.2952068736586867 0.5409002402241979 0.01945022546608867
0.7346840362911526 0.8034844925328777 0.5443988808963709 0.01945022546608867
0.5111007620953156 0.3338723150772532 0.658516643695069 0.01945022546608867
0.332932098696289 0.7536437805579566 0.1788169200104174 0.01945022546608867
0.2605479382157007 0.4023450341954473 0.02909669460151226 0.01945022546608867
0.7854843061287976 0.9982238715938196 0.5510321376737137 0.01945022546608867
0.8753003784564211 0.9125516148198348 0.9132568772214548 0.01945022546608867
0.5165411872130421 0.5400027927696126 0.1258189952052275 0.01945022546608867
0.5578561297665506 0.4627483425132728 0.8403441662408853 0.01945022546608867
0.1489402091139012 0.9185016927480536 0.441318281258085 0.01945022546608867
0.7611464891323965 0.07150618772735287 0.2160931668216292 0.01945022546608867
0.5262374373009675 0.8575011777390773 0.8751305287529366 0.01945022546608867
0.2119199336491422 0.250559406330825 0.3045416665447045 0.01945022546608867
0.2706596536902166 0.03456714434635118 0.3229848673005291 0.01945022546608867
0.8213954172197679 0.02317034189850268 0.5545537379691958 0.01945022546608867
0.03955831620411585 0.9890701620610234 0.5367513735992172 0.01945022546608867
0.06324637415184763 0.9436933453224587 0.642321360709347 0.01945022546608867
0.5729493923359099 0.2854493912252728 0.06739747074185691 0.01945022546608867
0.4362763983248904 0.7581399393174006 0.7901409144001126 0.01945022546608867
0.4956656622919614 0.5999118269179008 0.9884119706888259 0.01945022546608867
0.1888052182159076 0.7761687119326365 0.888042988390523 0.01945022546608867
0.00887511759362297 0.1932149358377748 0.8326693564206402 0.01945022546608867
0.5791015227564685 0.3089386835166034 0.3025600746582315 0.01945022546608867
0.457798131407335 0.08456519019077213 0.0601283099990184 0.01945022546608867
0.6416651107863722 0.9973390608808753 0.0262749867027945 0.01945022546608867
0.407252395469811 0.5857041928809018 0.7157201625751476 0.01945022546608867
0.2424109424693587 0.5364136372369486 0.9263570606493939 0.01945022546608867
0.529760529716106 0.5242449346461592 0.08790183200804393 0.01945022546608867
0.8204508145344352 0.3122592579804518 0.8552995811442412 0.01945022546608867
0.2046242506959276 0.2909078886406488 0.6271673912102266 0.01945022546608867
0.04926177823562026 0.6060105402754399 0.4678071811020797 0.01945022546608867
0.1450585472649164 0.9876795084734208 0.729343648310515 0.01945022546608867
0.9982814801863733 0.3451369048205936 0.5566576005563968 0.01945022546608867
0.2442480868625587 0.3755258476323591 0.5881203308258612 0.01945022546608867
0.4866997560733164 0.7439540234071502 0.4891932534996153 0.01945022546608867
0.3570228419138524 0.9010365361217145 0.9033331049006426 0.01945022546608867
0.7624885168102137 0.8796937351818999 0.602963307239289 0.01945022546608867
0.9565000144592402 0.5259041589990532 0.6021199083206349 0.01945022546608867
0.479631914017159 0.7853373822731274 0.790810558593705 0.01945022546608867
0.09756219623256254 0.7567243016208998 0.2444676356105128 0.01945022546608867
0.5170740661374948 0.5988452656819697 0.8087660869247656 0.01945022546608867
0.192871831708408 0.2733794591257528 0.1549013397834369 0.01945022546608867
0.03340622635009364 0.005264895143035915 0.2298888955950442 0.01945022546608867
0.4976838956870515 0.8813895926481784 0.6436527293667305 0.01945022546608867
0.9538014272186316 0.9547978351542604 0.489054807840274 0.01945022546608867
0.5283535269063638 0.9248577571781008 0.4658196139765713 0.01945022546608867
0.3130747114115809 0.1261429337818658 0.005068979933501748 0.01945022546608867
0.2967363313241642 0.8455936598209326 0.7651123642252707 0.01945022546608867
0.8210679289116701 0.3288391519321818 0.3356145233654229 0.01945022546608867
0.434457579635057 0.1617626032834416 0.9429626959033168 0.01945022546608867
0.4033769896348374 0.4838318934787804 0.498190865199755 0.01945022546608867
0.05462606834078893 0.9241316307844991 0.9674349110835243 0.01945022546608867
0.3965743723971215 0.2476615109933995 0.1135090240855093 0.01945022546608867
0.9639641428697082 0.4627385963053273 0.7506040622589555 0.01945022546608867
0.5061475896357185 0.6506943097469358 0.2101694047462548 0.01945022546608867
0.8705444750742952 0.9540948634708708 0.881925348425731 0.01945022546608867
0.1635210964316364 0.9184289160993725 0.3164863204518327 0.01945022546608867
0.2979408590570137 0.7307211053741343 0.7644022053996391 0.01945022546608867
0.714219899113187 0.7393069139542573 0.1218058293503074 0.01945022546608867
0.1670073910937437 0.3751229508513664 0.3782162092597075 0.01945022546608867
0.7024762757038628 0.5758666987571653 0.451350712072808 0.01945022546608867
0.7504929667907856 0.7630594155587037 0.4838733004132419 0.01945022546608867
0.6026607916023801 0.7356406194257838 0.4562275002398257 0.01945022546608867
0.7916378878810757 0.9531979920285025 0.8257952432637712 0.01945022546608867
0.8667316700948282 0.6347705907825888 0.1427553274037259 0.01945022546608867
0.9561882308548075 0.354505724714303 0.5723233478321752 0.01945022546608867
0.6160362136688198 0.5699526392656847 0.05512249414398637 0.01945022546608867
0.7689176932398859 0.3886670482821238 0.2317666224046936 0.01945022546608867
0.9011947988878352 0.5468080943134797 0.5655884529942334 0.01945022546608867
0.6056530018508255 0.1194306177719851 0.2769431156322473 0.01945022546608867
0.06431317188579119 0.7994984650951344 0.1031544860083129 0.01945022546608867
0.3379411558677235 0.594291431014384 0.01109320760147758 0.01945022546608867
0.5492254652547361 0.9093982394136255 0.192487414400973 0.01945022546608867
0.1856162502124473 0.4285239210264692 0.02722110098378256 0.01945022546608867
0.008863201186443664 0.9246485995145752 0.1248392597181622 0.01945022546608867
0.7148535504506356 0.3580166513521802 0.6026982610748082 0.01945022546608867
0.7809575176200061 0.5559779756454697 0.9082327648382336 0.01945022546608867
0.801626229324887 0.1140560243987056 0.5991097302932328 0.01945022546608867
0.2152635099340016 0.1978716105888508 0.4213604990181178 0.01945022546608867
0.7241954171838975 0.9277358949931152 0.06703859711064834 0.01945022546608867
0.9728056215816129 0.5641589854142153 0.6402148985082291 0.01945022546608867
0.8488352060054905 0.5551605625804932 0.597058084601692 0.01945022546608867
0.5048210888820669 0.8193120796443936 0.4692411516211129 0.01945022546608867
0.9750030042248297 0.4570039081709961 0.8749841826863028 0.01945022546608867
0.7012812913963009 0.7448383182035433 0.1640415409051021 0.01945022546608867
0.6669248060923942 0.417275906035987 0.2067929354086845 0.01945022546608867
0.4737539619534341 0.8434516408969235 0.6426608442680317 0.01945022546608867
0.2148054309162228 0.09223637867816446 0.8707537002976283 0.01945022546608867
0.3255577025879501 0.7495174062958548 0.5205822494161205 0.01945022546608867
0.3298715531998553 0.7745870883171748 0.07408699636565083 0.01945022546608867
0.1833205677563472 0.2990090146190604 0.4357853567583471 0.01945022546608867
0.1033186283431835 0.1905584244508218 0.7530866683405285 0.01945022546608867
0.2509959222997998 0.4161157950178481 0.2113725410512017 0.01945022546608867
0.1569850396098834 0.8249811790686029 0.8069635559961911 0.01945022546608867
0.8533019136444422 0.6198340672421704 0.4121953511508822 0.01945022546608867
0.2723686225350818 0.5793458095579918 0.8620068816205497 0.01945022546608867
0.306628230916481 0.4555375470372749 0.4554613201022258 0.01945022546608867
0.9611869513803349 0.7692696666389613 0.5674415598727214 0.01945022546608867
0.06656930357573761 0.5040633393907198 0.6303064968301672 0.01945022546608867
0.8372528278331153 0.173982477244045 0.3416655704156145 0.01945022546608867
0.8180074997682533 0.7802773036136138 0.6196716516126345 0.01945022546608867
0.5089646114937332 0.1416793701381876 0.3597131300458843 0.01945022546608867
0.1390392953887258 0.7165087190757435 0.1215521923518651 0.01945022546608867
0.7354252943335635 0.3904835966200525 0.3751998842341872 0.01945022546608867
0.1973179871432752 0.9529959825363951 0.6932649300116285 0.01945022546608867
0.3356749765541714 0.6826650971398927 0.9474460814275977 0.01945022546608867
0.4459660925273842 0.209272092540283 0.6212889684515654 0.01945022546608867
0.1206631403742535 0.3466645066509286 0.1180535431581499 0.01945022546608867
0.6015692218215002 0.2331283585625031 0.3542120819031727 0.01945022546608867
0.2259974818039878 0.8240718469589091 0.8370515207373457 0.01945022546608867
0.4085534494494062 0.3983809367900171 0.8050796634951796 0.01945022546608867
0.798772740128131 0.9774930817322772 0.01797988331621591 0.01945022546608867
0.8644211026052943 0.542041865593998 0.7981957830519236 0.01945022546608867
0.3181814264466505 0.196710093532161 0.998711141678767 0.01945022546608867
0.3613568134150419 0.2944629870864233 0.9493320217569067 0.01945022546608867
0.5191773299708615 0.3015103052838623 0.04881280083528927 0.01945022546608867
0.02785817949441307 0.4219414823806281 0.4416023337718832 0.01945022546608867
0.1620748427270324 0.3250322749218063 0.5733566229212488 0.01945022546608867
0.3370139474784726 0.4995660767791318 0.862291615339644 0.01945022546608867
0.8647060056370162 0.405079963634849 0.8347820357656234 0.01945022546608867
0.8526245784145327 0.06392999390085202 0.6382215379974855 0.01945022546608867
0.7547589575520638 0.9242428295653029 0.8093461437083341 0.01945022546608867
0.8312126658017378 0.09594980882305409 0.8754575304468872 0.01945022546608867
0.695588017276883 0.01997784383368096 0.4279712189152894 0.01945022546608867
0.01305076482955507 0.9251454699175068 0.2607129505786573 0.01945022546608867
0.9790791374282324 0.7702985967473901 0.2182925026125674 0.01945022546608867
0.4270233943799122 0.03821524028380864 0.495150716237707 0.01945022546608867
0.2522612337886999 0.2903728252906879 0.5690188989110707 0.01945022546608867
0.7866112441400198 0.5177313483058545 0.4053553910216269 0.01945022546608867
0.6395272197384722 0.8132330991757892 0.05638096823504605 0.01945022546608867
0.6652860443147295 0.4148322262714317 0.1289308825818124 0.01945022546608867
0.262339797541529 0.416447512969723 0.4465788254662749 0.01945022546608867
0.5234204248627354 0.1836386133975746 0.7541172526114372 0.01945022546608867
0.4217608669018311 0.1909147061229072 0.7611706798197604 0.01945022546608867
0.8219492641907709 0.2074334044962381 0.308723429074614 0.01945022546608867
0.1558167971979302 0.5215872442816574 0.8815172771258292 0.01945022546608867
0.8921492463524417 0.2900739193031862 0.679561016304667 0.01945022546608867
0.6240074174906454 0.513206275840638 0.7490451593767586 0.01945022546608867
0.2821055880938637 0.275354195589103 0.3507425054212558 0.01945022546608867
0.2178733614515347 0.8582274537957519 0.4218740883579135 0.01945022546608867
0.6881646829275988 0.433409231786736 0.5703502832589735 0.01945022546608867
0.9937135221687321 0.09309036844898243 0.965265636090176 0.01945022546608867
0.001397156933111975 0.4512006162785389 0.7950999169860977 0.01945022546608867
0.6484423702083392 0.3861065113104598 0.01791516762238897 0.01945022546608867
0.5123674977899958 0.02815925092912721 0.8701369130394641 0.01945022546608867
0.3353968445456276 0.3737264404788519 0.744441198904759 0.01945022546608867
0.7465167134048387 0.4400683141163135 0.4594911133288583 0.01945022546608867
0.3967079679419191 0.9415606905291833 0.8847021618975909 0.01945022546608867
0.8105719576704816 0.3972235404359914 0.01263085283718668 0.01945022546608867
0.4050206070793432 0.3232541888220439 0.9326010191429435 0.01945022546608867
0.1267730731602941 0.07223058001287462 0.6054236502246122 0.01945022546608867
0.3460127188381206 0.8498924939463641 0.9250615611149891 0.01945022546608867
0.1490754725650412 0.009446795019993289 0.6463383342808581 0.01945022546608867
0.1764061571671403 0.423802710713618 0.6920531472113596 0.01945022546608867
0.5285886691334816 0.590097948912887 0.9047571791200207 0.01945022546608867
0.7913180339592895 0.1833233129814286 0.794338904010414 0.01945022546608867
0.2100453176972645 0.5553920344908135 0.5644189491347923 0.01945022546608867
0.4357178198810678 0.2058810368624709 0.4133462444457903 0.01945022546608867
0.2176540572384347 0.9500347990510409 0.4220619388779359 0.01945022546608867
0.3618329054871543 0.7592055610649396 0.3874917463412321 0.01945022546608867
0.03442295572796666 0.9284022603154629 0.5140282900749453 0.01945022546608867
0.6781755992885432 0.06711325494608873 0.1733225892993351 0.01945022546608867
0.01834885561151178 0.9935929530690236 0.1671384203445156 0.01945022546608867
0.2388110500679461 0.8717597693800432 0.4550446147135789 0.01945022546608867
0.1947160852334378 0.1997331310544807 0.01500617348339771 0.01945022546608867
0.6312317049039748 0.6810837422955123 0.1528214508708244 0.01945022546608867
0.09323559434540823 0.8053522231900456 0.44305985104363 0.01945022546608867
0.565968658761388 0.4406959782682398 0.6785373562836072 0.01945022546608867
0.9160308206549082 0.1182131787655357 0.06555265256733207 0.01945022546608867
0.3805490037067719 0.1959654893254162 0.9708099102066909 0.01945022546608867
0.1176292331575103 0.8055886773625529 0.5538132867462127 0.01945022546608867
0.8094519269389475 0.3873381211703177 0.3333665246069082 0.01945022546608867
0.009000419857324783 0.9356470916240773 0.4768752713624003 0.01945022546608867
0.2977345683533338 0.8743693985829182 0.411991670770236 0.01945022546608867
0.5788739367189935 0.9641619297100091 0.4040707899890822 0.01945022546608867
0.8576598405836459 0.2013986604056364 0.7383888533743957 0.01945022546608867
0.9658532429352044 0.7539212557739647 0.6409265731125486 0.01945022546608867
0.00992199327250181 0.2234447168990211 0.4823302712613053 0.01945022546608867
0.4169410062878117 0.9465190703906491 0.934329366441603 0.01945022546608867
0.3811994678043025 0.6607099981197934 0.1265677690027347 0.01945022546608867
0.2632269507773168 0.1754177088911852 0.7079324407345399 0.01945022546608867
0.05233198170854753 0.05025287294272436 0.3529310416799427 0.01945022546608867
0.6038538752205128 0.9054488553833362 0.3323679790957447 0.01945022546608867
0.7391638215499202 0.6487121523489578 0.8879318099962592 0.01945022546608867
0.2098106189548971 0.303824018468174 0.9933523970510779 0.01945022546608867
0.05110384929400402 0.5540576179368328 0.9600330861172318 0.01945022546608867
0.4508052432365179 0.3263747778984264 0.7577101863154418 0.01945022546608867
0.6332292153195385 0.2717724180859976 0.5516088251353604 0.01945022546608867
0.8369153515899117 0.3588990907279879 0.2994574494071349 0.01945022546608867
0.8620561038300761 0.6677144173153028 0.05575463059087111 0.01945022546608867
0.4356530902147345 0.2121687291257939 0.5365188492457366 0.01945022546608867
0.1479639033410216 0.7710512137445417 0.4293521451083979 0.01945022546608867
0.04458232920580155 0.8459371089408292 0.05285897649174256 0.01945022546608867
0.2299784203307987 0.5280902777955709 0.3471122395551599 0.01945022546608867
0.1501629693470779 0.632843416355979 0.9725726627025577 0.01945022546608867
0.3824101625303211 0.8523766773665264 0.09787562538287622 0.01945022546608867
0.7014854362011308 0.2839510716686601 0.9474274965930862 0.01945022546608867
0.4809918361034604 0.9288472465436065 0.6578747305124093 0.01945022546608867
0.01167844086629134 0.5000895088358263 0.8740657417178034 0.01945022546608867
0.7977655516591725 0.9746914873117907 0.3746590759295804 0.01945022546608867
0.6977574375823204 0.3842504066989279 0.3454637030730064 0.01945022546608867
0.1944950290633077 0.7028601361119978 0.7600300298729894 0.01945022546608867
0.568543416127539 0.6489666130315918 0.6037062546109215 0.01945022546608867
0.5491555444097519 0.7153041770988264 0.05223863000257725 0.01945022546608867
0.07433820646617231 0.9553652959198645 0.5671063112018585 0.01945022546608867
0.2824589418855594 0.1007591436302507 0.3106406116037148 0.01945022546608867
0.3748407861335246 0.1345425467002879 0.822987821694409 0.01945022546608867
0.8701673156066005 0.32646322253888 0.3571366225457138 0.01945022546608867
0.6667346021629181 0.6555071026303702 0.9156594278515361 0.01945022546608867
0.006119232076699336 0.8425872909237863 0.3323258118582917 0.01945022546608867
0.7284478328789541 0.5077060093586728 0.2561853511560686 0.01945022546608867
0.6032917704191395 0.3075562456446711 0.7996178190772013 0.01945022546608867
0.9149657278261953 0.3403105915963354 0.7424643695704476 0.01945022546608867
0.04519397170722668 0.5484655474670224 0.3371996588806102 0.01945022546608867
0.958718666028899 0.7564545091410095 0.002882575836041585 0.01945022546608867
0.3475752116540051 0.8999024259033991 0.06802784759743932 0.01945022546608867
0.4801508046168921 0.434087154778396 0.9999527421214129 0.01945022546608867
0.3399984895190074 0.6068784384599119 0.4694660196865411 0.01945022546608867
0.2756543347150091 0.4348789123821727 0.6009245530817444 0.01945022546608867
0.5718755793098503 0.7688568221641439 0.3952843244834011 0.01945022546608867
0.3865368762908148 0.1801778605710951 0.7123841698791652 0.01945022546608867
0.2543452176759542 0.08336990117046017 0.5255454684628783 0.01945022546608867
0.4459917028556324 0.3945484318788248 0.4107527877255924 0.01945022546608867
0.3528523421669759 0.482021690590592 0.5079052149029707 0.01945022546608867
0.6812739409976645 0.1086310151506489 0.6527653242204707 0.01945022546608867
0.3816496976884424 0.6034141112287446 0.1687243628312426 0.01945022546608867
0.6256113893185593 0.4548052825040348 0.5862068358993813 0.01945022546608867
0.7694141595686301 0.8823359654381686 0.9969365150939355 0.01945022546608867
0.160620959086175 0.8379695198667043 0.7398571906687308 0.01945022546608867
0.5650885394316101 0.1000025392385343 0.2008801376769556 0.01945022546608867
0.0555565157296887 0.1787531300694923 0.07200016473187713 0.01945022546608867
0.9947556419298416 0.5329910402359025 0.570154891167765 0.01945022546608867
0.8675252875278255 0.7658296506625848 0.9404398852250293 0.01945022546608867
0.7375989024965238 0.4363228557144976 0.155527148948206 0.01945022546608867
0.5019724876663925 0.1117698394015901 0.1355996958283706 0.01945022546608867
0.04426868835168644 0.4430467580566696 0.5476775549597267 0.01945022546608867
0.6600055133627082 0.4818969438346303 0.3282790491997609 0.01945022546608867
0.8956303816534875 0.3186494780980371 0.7063522206977443 0.01945022546608867
0.7981073158512159 0.9214115998549621 0.4005648012937502 0.01945022546608867
0.593388018464561 0.906925839089426 0.6693018740037727 0.01945022546608867
0.442946647628835 0.9702827891629353 0.3975452079306602 0.01945022546608867
0.6411482031475039 0.5235221793631532 0.2737725585232298 0.01945022546608867
0.8294062167001123 0.8739401780104087 0.6278254600312774 0.01945022546608867
0.9258495447093555 0.1429894464119623 0.8508998553069849 0.01945022546608867
0.3420493720768378 0.644435008956614 0.8354416709457532 0.01945022546608867
0.1817387676960787 0.04548015828856704 0.5080328909272502 0.01945022546608867
0.9455678593300759 0.7417343493254969 0.7694161940293922 0.01945022546608867
0.6802817977793286 0.2162281454444214 0.5271088502290364 0.01945022546608867
0.217984431929301 0.5127921015727764 0.9473021032661005 0.01945022546608867
0.5721505825409842 0.852127276426398 0.8365495905138579 0.01945022546608867
0.04744488788671209 0.5310306853293051 0.8062800497728333 0.01945022546608867
0.6833822942419839 0.9399572887935717 0.983572564510817 0.01945022546608867
0.1997201108694402 0.7069435883349484 0.8568554902643389 0.01945022546608867
0.8488613303123099 0.1637482974557198 0.6314281577549378 0.01945022546608867
0.1146740825450974 0.187446723546403 0.5793076595219999 0.01945022546608867
0.6367191493982061 0.1745306847372341 0.3466350113151446 0.01945022546608867
0.5667041989693771 0.7960642356943811 0.1572935548730639 0.01945022546608867
0.2768473288673826 0.4900331253602783 0.9926580210941713 0.01945022546608867
0.6774151955936173 0.3172622807403247 0.3782976462026187 0.01945022546608867
0.3617942802684699 0.06321297282751411 0.2541915322125376 0.01945022546608867
0.919045753983482 0.7826448993465801 0.4135133695986518 0.01945022546608867
0.1643742884807796 0.7610817764526687 0.4648947409105399 0.01945022546608867
0.6114663897506869 0.545098124475185 0.767517798954883 0.01945022546608867
0.9263692345541245 0.5552475323389771 0.7683733322061229 0.01945022546608867
0.4680752748218003 0.1980387338304731 0.4505741642458448 0.01945022546608867
0.5931478107223144 0.6061258385679218 0.6708116375770824 0.01945022546608867
0.6326198111193507 0.9452909928025589 0.4164731087523777 0.01945022546608867
0.7276616348089086 0.7400434268524053 0.217884088789442 0.01945022546608867
0.2606913156870556 0.9463312505609176 0.1710215127357804 0.01945022546608867
0.3417103547944593 0.7289387469651861 0.4887431698592751 0.01945022546608867
0.1314867349209692 0.2348186082653146 0.9910390907488776 0.01945022546608867
0.6998875500672491 0.522248473445995 0.5409791829277635 0.01945022546608867
0.6556529693886577 0.8099490296277195 0.2010105023049066 0.01945022546608867
0.4415425416490152 0.8994626085393211 0.6452278603538566 0.01945022546608867
0.8411226195785338 0.1892316614928582 0.8312169004546341 0.01945022546608867
0.9985025314284817 0.8823453001798761 0.2588363037365229 0.01945022546608867
0.9227815757633718 0.06178679113073388 0.3647623569592156 0.01945022546608867
0.848221088331404 0.03105653464297343 0.1080656749133653 0.01945022546608867
0.1211992837583223 0.8882099544138352 0.05848630484913862 0.01945022546608867
0.502593878203914 0.2292495729304559 0.02312128655666314 0.01945022546608867
0.4828077118822891 0.4597597901356463 0.2668883952347693 0.01945022546608867
0.2586024831072973 0.5279912316188329 0.6573842296388639 0.01945022546608867
0.5321304689169345 0.2699015006319967 0.3123251806752684 0.01945022546608867
0.8968551398121526 0.08666501529949684 0.7389722894268741 0.01945022546608867
0.61501465772192 0.06604644515457513 0.4638640733825599 0.01945022546608867
0.3993779729873469 0.184086681546547 0.6185168067032871 0.01945022546608867
0.2786664256073562 0.8172170034956492 0.1678407815301437 0.01945022546608867
0.3115972932451532 0.8206414667161063 0.4485161598126547 0.01945022546608867
0.4754224231240232 0.0434103627922813 0.3223801341655108 0.01945022546608867
0.9434667720717703 0.3679418615052047 0.8796008290096561 0.01945022546608867
0.3992306442012558 0.9843429489633362 0.0003480959337022135 0.01945022546608867
0.2029069869316512 0.5711531337026472 0.9183377304736166 0.01945022546608867
0.6192096783300989 0.555882318593429 0.9658908719450006 0.01945022546608867
0.4318339989470238 0.8124769577731918 0.2565130202410504 0.01945022546608867
0.4100318039064212 0.5363185668764083 0.5500569413038843 0.01945022546608867
0.006729318499288345 0.5744751804390329 0.4869535227442017 0.01945022546608867
0.2967048108148255 0.4908757204465866 0.2349013552589578 0.01945022546608867
0.5666546772397246 0.2083460056925703 0.4602515492714764 0.01945022546608867
0.6577178053452589 0.2431079289363335 0.02644542450160222 0.01945022546608867
0.3715220636050364 0.5244420787292141 0.5565151633897267 0.01945022546608867
0.7001519001860044 0.5870107604732949 0.8123382866003166 0.01945022546608867
0.9689626307606959 0.58986286081479 0.9170858909529608 0.01945022546608867
0.111834421335343 0.6317065494953156 0.3353137737707145 0.01945022546608867
0.3994953705569146 0.3570721923336268 0.2132154130903921 0.01945022546608867
0.4950433222231053 0.1030563746845358 0.5523652035082502 0.01945022546608867
0.3349271188279948 0.239496138728604 0.8612985884283083 0.01945022546608867
0.2497120045768953 0.3228021942557836 0.02352239602861612 0.01945022546608867
0.7634272113395973 0.2263805562461053 0.7947829991391516 0.01945022546608867
0.6913703366576015 0.9120605837175902 0.109655914112121 0.01945022546608867
0.5269453281070045 0.7391897800978249 0.3382577125452595 0.01945022546608867
0.8725175550269285 0.6966252548019446 0.2527766324731381 0.01945022546608867
0.6149355958347943 0.3610263095944229 0.3695107603653609 0.01945022546608867
0.9162830001915623 0.08991569715210498 0.231185699396884 0.01945022546608867
0.2118042062014062 0.9989719034177659 0.2972677705892685 0.01945022546608867
0.8986759425321773 0.8391047916864424 0.1849742359498506 0.01945022546608867
0.01143809793250261 0.8793484624527397 0.2009971048517872 0.01945022546608867
0.7826603839630928 0.5913833288051875 0.8389350513667767 0.01945022546608867
0.749095965006326 0.4382886464464122 0.4188861170466477 0.01945022546608867
0.3192115888628833 0.4845297639381314 0.5420070253032154 0.01945022546608867
0.6975752013855104 0.6327859313698834 0.2960013331047548 0.01945022546608867
0.6175099212079879 0.6232653716212337 0.1495347752395651 0.01945022546608867
0.2908212668706569 0.383382687345195 0.6274681836755994 0.01945022546608867
0.1378036979635507 0.3558715170197625 0.5595633509117759 0.01945022546608867
0.8984651517938581 0.4043662478132721 0.8742542870438939 0.01945022546608867
0.08505341018903331 0.9659392161136308 0.8813972528783645 0.01945022546608867
0.2213712994779908 0.753306246150898 0.8727343950052124 0.01945022546608867
0.6058809492418568 0.1869027065385894 0.7101024884236395 0.01945022546608867
0.7584897923729735 0.661944771047579 0.3711536145666876 0.01945022546608867
0.5987052085939755 0.9634187458078831 0.8651449750593851 0.01945022546608867
0.3557323865033381 0.5588188936821133 0.05606415189293963 0.01945022546608867
0.753710434947967 0.8657566738292085 0.2940518230060716 0.01945022546608867
0.6216233612632412 0.649181233044393 0.5951497139079026 0.01945022546608867
0.7944293710523886 0.188093015156944 0.5585572135386184 0.01945022546608867
0.8758134423955594 0.279242161996771 0.7189411140958128 0.01945022546608867
0.6984214480199857 0.5847216526525338 0.3526014078912596 0.01945022546608867
0.2362242678336441 0.02058935803167318 0.6902571270538898 0.01945022546608867
0.2079564114763947 0.8538189468131765 0.7271882643106915 0.01945022546608867
0.1928464666806101 0.6664342134850961 0.8203156699345896 0.01945022546608867
0.5396293951105965 0.4270200154436615 0.1174265025509245 0.01945022546608867
0.3693835764059336 0.08439419309770439 0.6239800732048054 0.01945022546608867
0.6763310899067495 0.1674783351870615 0.7943074528375839 0.01945022546608867
0.9187278980049024 0.1859221777482231 0.4940094075231042 0.01945022546608867
0.4433743874880477 0.05892339415413202 0.8069714778755683 0.01945022546608867
0.5416114363839348 0.09667623184398237 0.970842023298602 0.01945022546608867
0.4774298943793949 0.7294433627952934 0.1690932368863953 0.01945022546608867
0.8297111203711879 0.1033454692774081 0.7229361077037907 0.01945022546608867
0.3139429201306579 0.6783412145712072 0.01832479736909157 0.01945022546608867
0.07537312499712229 0.6527605420171798 0.9028308970673918 0.01945022546608867
0.2395244334881733 0.8190494823323213 0.4108619137825789 0.01945022546608867
0.5770654372794938 0.6300947806794087 0.9156720268925257 0.01945022546608867
0.4740566348811852 0.02925146788975531 0.9035309211224259 0.01945022546608867
0.6607763909076669 0.5469621173541462 0.06378173688835424 0.01945022546608867
0.6799220710549156 0.9264317460396981 0.2903064150126677 0.01945022546608867
0.03458329308990484 0.5292068306994878 0.6695313984222067 0.01945022546608867
0.2214837195013032 0.2104279768257013 0.2896217748157646 0.01945022546608867
0.8269494623322069 0.7930937070247471 0.2057584473267805 0.01945022546608867
0.006681590405305204 0.3391451688142142 0.9451782854506988 0.01945022546608867
0.5267473464439899 0.01200894327491862 0.6496266107089733 0.01945022546608867
0.3452996478652346 0.03940864873054399 0.8756174771775671 0.01945022546608867
0.9947635430543044 0.743404325892517 0.7851843566463232 0.01945022546608867
0.1017992610408066 0.4160472580676581 0.8693306341024598 0.01945022546608867
0.8298259321108733 0.5722898344508165 0.7879481551208061 0.01945022546608867
0.03630997062574162 0.8997124836267061 0.3073560101904333 0.01945022546608867
0.2354757839829419 0.1273069489354536 0.8626189605294866 0.01945022546608867
0.06727314351118914 0.3237245950456777 0.5830998393857975 0.01945022546608867
0.2120292704780223 0.9653944938068038 0.263555460621874 0.01945022546608867
0.9107661405587992 0.03159479056736367 0.6278402068029427 0.01945022546608867
0.5639662472903209 0.5338177921832205 0.7892737059863981 0.01945022546608867
0.316388394037427 0.4304729333052806 0.6997140531418985 0.01945022546608867
0.6211447290858215 0.05577695515416121 0.9378604142993826 0.01945022546608867
0.7488937822387376 0.3986261309375507 0.05807531918593121 0.01945022546608867
0.2524056248694496 0.5568104205505762 0.581240185922286 0.01945022546608867
0.8636168899985676 0.9021177121632858 0.2361259364799156 0.01945022546608867
0.7285448903984517 0.8727036279336634 0.77578189055633 0.01945022546608867
0.5199195104744212 0.7660062992112633 0.5643716055617438 0.01945022546608867
0.006892379020970785 0.4944459438638127 0.7034938583966638 0.01945022546608867
0.2527790312348576 0.8175906574411683 0.7292072774121788 0.01945022546608867
0.6705384253383945 0.5905641851246528 0.5629659611639786 0.01945022546608867
0.06610890428975039 0.06332876219276336 0.4329979962023256 0.01945022546608867
0.3484219482279288 0.22464510655558 0.05578397752275143 0.01945022546608867
0.4409554449095699 0.2709191861017534 0.7919621087869322 0.01945022546608867
0.08959425394870366 0.8984937509235091 0.2116416351107301 0.01945022546608867
0.1339942897129772 0.342655750060596 0.3929511305271243 0.01945022546608867
0.7918512658366912 0.357916683562799 0.3124352253396279 0.01945022546608867
0.7216880532988392 0.4174971176334926 0.7936100260913246 0.01945022546608867
0.001545557421069509 0.9806221392182923 0.09669964093921989 0.01945022546608867
0.9853255402197255 0.01692403944071628 0.8839107419318288 0.01945022546608867
0.7056203068466436 0.8320347744326541 0.561406209032654 0.01945022546608867
0.809176121297069 0.355238430576318 0.6564226494309866 0.01945022546608867
0.2780767350218261 0.4341623420696687 0.5312078926197171 0.01945022546608867
0.9803649389122958 0.1792762154078424 0.5136029261625248 0.01945022546608867
0.08207790580955548 0.03919876305765548 0.07270482889279749 0.01945022546608867
0.178504958426927 0.6068749963910517 0.1351398897579272 0.01945022546608867
0.5298731524862987 0.8746627034646974 0.3101787077418958 0.01945022546608867
0.3249661386748576 0.6346700717669931 0.1038914938331403 0.01945022546608867
0.3506237270831712 0.5880572961125557 0.7746887914883083 0.01945022546608867
0.554397197315141 0.2443445729032041 0.06280496844517931 0.01945022546608867
0.1135855305310327 0.06238476411436158 0.6439246198158963 0.01945022546608867
0.323849756624202 0.6307556252873252 0.6682881643871104 0.01945022546608867
0.5323109375990209 0.3461961424099945 0.07557840888544015 0.01945022546608867
0.3648754806136928 0.3283870675783705 0.1503948699887679 0.01945022546608867
0.2056215714704649 0.9602970943123268 0.2142500172976802 0.01945022546608867
0.9907566953393493 0.9355318485557845 0.1818474769347803 0.01945022546608867
0.5212145886843306 0.4539707718765599 0.9021624210482884 0.01945022546608867
0.165313621165692 0.008592012308589416 0.3766530204474629 0.01945022546608867
0.4181430817583869 0.8508848446531884 0.613781897284197 0.01945022546608867
0.2439909396330683 0.05046790334852673 0.6279053153803669 0.01945022546608867
0.6394473197300298 0.4412283165501921 0.2473357616332943 0.01945022546608867
0.5722888057003247 0.1445457669634251 0.7830009655019082 0.01945022546608867
0.7465652368288092 0.5025884192872007 0.9282019882794774 0.01945022546608867
0.3134401852749939 0.404450007431665 0.4601747663991253 0.01945022546608867
0.7641844104692136 0.9563353740814396 0.9246025046658622 0.01945022546608867
0.06625179114725034 0.8543976153713133 0.7823683899264884 0.01945022546608867
0.2048560748644962 0.9617177260675885 0.5421333041675503 0.01945022546608867
0.6923790106292264 0.2322295632637656 0.3820081748623107 0.01945022546608867
0.5332125287210276 0.812831631539789 0.5537514211933229 0.01945022546608867
0.966536326763908 0.4965066705615107 0.1851079288288657 0.01945022546608867
0.6058938647066024 0.9391652788795974 0.9251117535966272 0.01945022546608867
0.9317696413554978 0.1865619143831843 0.1742229098484574 0.01945022546608867
0.5927632686995292 0.204101773367641 0.5394709279765414 0.01945022546608867
0.1884696988254643 0.6152210369196588 0.2873701709184409 0.01945022546608867
0.7205098873554472 0.5164632581931039 0.0789004709936464 0.01945022546608867
0.03269879970741496 0.1230275374066976 0.5422519809546131 0.01945022546608867
0.4245954844234111 0.02288437883944182 0.7383236882400136 0.01945022546608867
0.2203497012114557 0.1593808130867402 0.07775793802245781 0.01945022546608867
0.577492270764701 0.1800341140800077 0.7521231283900308 0.01945022546608867
0.05618872043767478 0.2804085228619196 0.8710752817692167 0.01945022546608867
0.270270804017253 0.6338111268701025 0.1533804450207974 0.01945022546608867
0.07366649056857145 0.4414689134874237 0.8126462347553907 0.01945022546608867
0.9285868520145385 0.5000670503620057 0.1172361677790088 0.01945022546608867
0.9098792967868525 0.2912674349191686 0.1386569103357478 0.01945022546608867
0.8212138216449196 0.9127108721325724 0.2031966793711972 0.01945022546608867
0.2208008676079309 0.4193049893719156 0.2865171380068023 0.01945022546608867
0.4325608540837945 0.8054971208283471 0.7983350793579207 0.01945022546608867
0.1978023370257813 0.3519170030622223 0.100156422142149 0.01945022546608867
0.3397133578903997 0.8810170981366033 0.292659707592368 0.01945022546608867
0.9840165551870522 0.8090066931475801 0.9118683304229553 0.01945022546608867
0.2385000369546946 0.4644624725780289 0.3865218713970185 0.01945022546608867
0.8090507242550483 0.476508273586134 0.2858539757861063 0.01945022546608867
0.8889375018812395 0.3229939685530097 0.6484557150888887 0.01945022546608867
0.1253829555989207 0.6564412424219311 0.8321017566691473 0.01945022546608867
0.6569165120773888 0.450862547034568 0.03522459035362866 0.01945022546608867
0.002128325683900574 0.3693039412382254 0.3207576312006649 0.01945022546608867
0.3475877927410239 0.3915318721218305 0.3387240281161608 0.01945022546608867
0.7872354038182783 0.6844012772615473 0.1689312859476776 0.01945022546608867
0.4684293756096552 0.8604341583583637 0.1452217233985389 0.01945022546608867
0.8077008526143613 0.9491276766663769 0.3226738785695851 0.01945022546608867
0.8744701859916557 0.5087535797472146 0.429812392284569 0.01945022546608867
0.1446850828657736 0.4302706447133868 0.9082141565429586 0.01945022546608867
0.1056483159996487 0.9153584784179799 0.9444532731243112 0.01945022546608867
0.9456945867721867 0.3784790914894615 0.4896414524184848 0.01945022546608867
0.9495406662062449 0.7102660274909834 0.5084700233425752 0.01945022546608867
0.3166907679463458 0.3697921692671874 0.3193598162867206 0.01945022546608867
0.3471589709470828 0.7408913532132962 0.4293526890932357 0.01945022546608867
0.9258248060572084 0.6018050309242916 0.6955714682861829 0.01945022546608867
0.4167091469794666 0.05259998936531998 0.8394537143182598 0.01945022546608867
0.5872453051308881 0.8144420052010858 0.7113853989557367 0.01945022546608867
0.356706901732694 0.8548515292809198 0.5888935370084657 0.01945022546608867
0.9593457804644425 0.8730896369641381 0.3223517968014648 0.01945022546608867
0.4444052115087703 0.8050753189467224 0.3711064803300014 0.01945022546608867
0.492314018002659 0.5095455114093465 0.9403436211049134 0.01945022546608867
0.9915717715706891 0.3859552333965844 0.3994932008412774 0.01945022546608867
0.4711362678314239 0.8265654707449713 0.0463891649058475 0.01945022546608867
0.2755116478529612 0.3522837226597356 0.5440406633857873 0.01945022546608867
0.9139165814052416 0.7724555084217035 0.1971712627955833 0.01945022546608867
0.8442356752974951 0.05713174336699912 0.06523686044361908 0.01945022546608867
0.9251323907866508 0.9626852161529998 0.2385610256220028 0.01945022546608867
0.5286745040491954 0.6692692791201336 0.8101184130345128 0.01945022546608867
0.4436422629542607 0.7747780169065579 0.5431111003742871 0.01945022546608867
0.3153910141683416 0.475738354414966 0.4935251161278273 0.01945022546608867
0.9295878447298871 0.3140198539368376 0.9124284433439983 0.01945022546608867
0.1298487435088237 0.8937929931827402 0.2697206895926436 0.01945022546608867
0.8913233434412045 0.2324715920334482 0.6858812936368989 0.01945022546608867
0.6901055520903784 0.9780718181655861 0.3251019613289143 0.01945022546608867
0.9245013784753223 0.6809109990183766 0.004988008540212748 0.01945022546608867
0.9199893859693206 0.178884088616505 0.692644108854773 0.01945022546608867
0.2409151861980506 0.480052907414476 0.9505314644961939 0.01945022546608867
0.3240377652794495 0.8594421338067417 0.3378673152552061 0.01945022546608867
0.7810882287551772 0.3993060301052069 0.5814105100862781 0.01945022546608867
0.7584469782032588 0.7421465616008599 0.940582034028271 0.01945022546608867
0.2729127532303476 0.9552092323418466 0.1221776202406661 0.01945022546608867
0.06476284196673451 0.9312502675477827 0.8966159833436766 0.01945022546608867
0.1317902668351027 0.8580289926409667 0.6532387097670416 0.01945022546608867
0.7541395805540011 0.3295323643305643 0.7329946959200969 0.01945022546608867
0.3649741483993841 0.6299494712848921 0.07200248123694955 0.01945022546608867
0.6354816987115806 0.8333468506889683 0.6619435469338959 0.01945022546608867
0.7222046776032104 0.6924713688042876 0.2993982647251244 0.01945022546608867
0.1812754516394645 0.345579551761718 0.5181668863760573 0.01945022546608867
0.3020817514090298 0.8564265170461473 0.8633371235080181 0.01945022546608867
0.8907620647192043 0.8236458083777162 0.7979123403722976 0.01945022546608867
0.04689964233077822 0.6509010367628077 0.7949474399620364 0.01945022546608867
